0.00703170371719
0.531813310759
0.387211904619
0.000816728922944
0.99999609068
0.0161631453582
0.8176136752
0.34309215911
0.913593698269
0.999990804631
0.966655862493
0.79564148426
0.475351768934
0.00216124744216
0.995712009986
0.0101196557235
0.169434265405
0.993902732623
0.000641908576675
0.5
0.0239809255993
0.882761017913
0.999999999887
0.999995841412
0.0244266866158
0.301357553063
0.605346822177
0.888812861983
0.0312905798687
0.00784791283791
0.993890636467
0.134346861692
0.835391842463
0.0161004432104
0.145088444678
0.0470033096992
0.000149182992039
0.993896757848
0.999999932634
0.970261508702
0.0203967856896
0.28902404932
0.110197853777
0.0153730426352
0.0669187370252
0.0701973216853
0.0199497830194
0.0125409373874
0.479705585329
0.104221001945
0.916291484178
0.00260569385701
0.913906575284
0.959185712875
0.993886240918
0.477448176712
0.67396817919
0.361470307078
0.203449083927
0.798176329434
0.0930640392711
0.00257635529688
0.411971737654
0.00147000434041
0.0232374356113
0.00137935248466
0.568703390122
0.96103965853
0.893535035303
0.999997566835
0.879367417461
0.94013388446
0.0646177227875
0.00830205613331
0.531813310759
0.800324338835
0.0158874819278
0.00704404079118
0.328563242842
0.142942198626
0.0188476225995
0.00703512364281
0.435675126993
0.594867199367
0.983426583593
0.999994230433
0.534005088706
0.393725448939
0.994532280707
0.973508530941
0.0615734281259
0.794565033911
0.01049001523
0.819918696316
0.613755753034
0.107395106753
0.219954400553
0.994211649539
0.709784957879
0.955201626738
0.463102544173
0.103875001789
0.155753825475
0.0150533939524
0.00154889529589
0.692754486348
0.999999875336
0.999995158982
0.00287545022162
0.0224878256575
0.00142347075492
0.0295167003063
0.0537445669226
0.0375145287658
0.00389860829905
0.842322410877
0.0681634490153
0.995915292703
0.999999899014
0.0466209553002
0.9614048156
0.99999848108
0.143387083208
0.999999981537
0.0716392418512
0.992962030193
0.0156195188154
0.927776524325
0.0953765615394
0.853966093366
0.0462367606306
0.0144507708383
0.0650756846597
0.993889713383
0.0378901922803
0.993900950559
0.780562261875
0.547314881058
0.0280373276106
0.999985178396
0.392836293293
0.993869573251
0.00216937149467
0.83838744645
0.917649250526
0.0115251126305
0.0055189155868
0.707693696917
0.203645955057
0.026072609283
0.315825108642
0.85131448266
0.0558047342879
0.132057122333
0.94327689498
0.000333624985766
0.692189434107
0.00117301214066
0.987993080554
0.00271914702681
0.999995419597
0.000584062362439
0.99999999999
0.980640775587
0.318866016325
0.925660693637
0.000570003184575
0.994216406605
0.0177856232596
0.850742096637
0.0751612202603
0.00309265606338
0.993623546607
0.0210076301717
0.00703209405528
0.0373548596846
0.00704538101938
0.258860837001
0.999999896935
0.880193684493
0.961962829123
0.882649485822
0.690971244164
0.436250108234
0.885475980586
0.0840617226136
0.999990641037
0.996199954188
0.438435783309
0.00682696968144
0.275813705247
0.923522948835
0.999999094285
0.0456170212627
0.98673799242
0.141160396419
0.0127538209016
0.00475194983399
0.791603381457
0.902497307359
0.130154493588
0.722760595985
0.999991581962
0.84106523975
0.760971857728
0.960575267124
0.999999665062
0.960189770356
0.564746336447
0.00720518079129
0.88608863785
0.107117767931
0.999999994345
0.994680882445
0.270373501815
0.993893316751
0.00795755713957
0.0200372320153
0.00118076673432
0.0994262633365
0.99999759392
0.977665305651
0.983962489232
0.783713364433
0.110257907263
0.993886541955
0.144336942092
0.00704576586536
0.098836944153
0.999984596558
0.0434523142387
0.689073658344
0.0485628870754
0.95594056907
0.0557056453163
0.972739076674
0.993896431309
0.559153744221
0.841783794779
0.172383931414
0.0305456940126
0.900215969117
0.00552554211249
0.249804888823
0.376557405379
0.635816940019
0.737660665946
0.00114477560634
0.349861917563
0.124699527094
0.993895667939
0.000835685521276
0.097134359919
0.568777516588
0.7647415801
0.24620955921
0.0743064914646
0.10202381442
0.999999880619
0.993895047559
0.0215703123057
0.99999956407
0.0593363847079
0.260952406054
0.103292075666
0.00116649950753
0.892738898338
0.999994407507
0.00931719217567
0.999999837171
0.538685306241
0.990310694889
0.997039242844
0.99998811099
0.156720662981
0.999999267865
0.989522436234
0.999999594708
0.99388071628
0.727817468746
0.19778301351
0.136262511942
0.15454356306
0.00634048235877
0.00430432286756
0.000240489532801
0.0258780816278
0.134767560764
0.235280725504
0.987217921759
0.00704247801452
0.961561245885
0.0477858606877
0.999999947937
0.980293753138
0.0155663166881
0.999999618083
0.993900415352
0.999988970508
0.0758688679687
0.0405225398825
0.813274676209
0.547478345346
0.987057689738
0.877620502585
0.318856902729
0.992962783131
0.102501005039
0.667756112873
0.884890542648
0.993906018882
0.00703030252882
0.941625230207
0.594069420278
0.118383473274
0.000289895008611
0.0172828116653
0.983512443819
0.000415657032506
0.99485484098
0.00367201981507
0.469560141896
0.992411382235
0.573574447105
0.00272389576742
0.993892655734
0.99742599387
0.993894695043
0.869079107169
0.995868686577
0.793934697281
0.979861801701
0.214016128062
0.992069219861
0.989398716326
0.993883160737
0.0122784741806
0.960631736937
0.0132158249316
0.999986871548
0.134562380151
0.725073966949
0.0606011553159
0.105864371086
0.881205984786
0.0533084493902
0.964048014176
0.0147098623043
0.00263376559013
0.999993001282
0.980505356163
0.987293948535
0.989658682447
0.999998808968
0.0371189984621
0.937307790401
0.795930786275
0.000527735210232
0.98775721087
0.0498671073443
0.993896225138
0.996153443384
0.990016190052
0.00159572249535
0.974398834263
0.940916417972
0.0267625753461
0.00251666669852
0.965527653448
0.00609838201867
0.0777731058198
0.983569787582
0.441880897058
0.0312125769757
0.243837265251
0.0752748711854
0.997375519651
0.949671970911
0.0366356723228
0.536908155931
0.0138595130281
0.965527653448
0.993894111947
0.0354477925028
0.0219084643651
0.00703295936832
0.991789133614
0.0986515458262
0.857615124264
0.00116649950753
0.935131799975
0.00207513383844
0.152744995843
0.99485484098
0.0070346504612
0.46769318805
0.133645256272
0.999999990872
0.0506157691254
0.0694875474346
0.996841078586
0.936001239467
0.893535035303
0.999994732613
0.0397646107466
0.0132503796108
0.976332247329
6.39515930652e-05
0.999999089411
0.01049001523
0.999996206029
0.448414108141
0.000559687499855
0.312323551051
0.868223725995
0.0029976722618
0.0480334075563
0.985376457667
0.00703534813231
0.997361348389
0.883186317272
0.870352814906
0.965086166394
0.739603276986
0.00703961220305
0.988275192605
0.985334867184
0.00114477560634
0.816529472026
0.996061556601
0.786302788435
0.838709819239
0.632898005613
0.137481976967
0.697200025254
0.988134867158
0.996136009321
0.00702823372487
0.0318741944823
0.756605733041
0.227900673831
0.967991208754
0.0191384588297
0.0205469167121
0.000476680880609
0.0600161999454
0.999997696729
0.995840595875
0.999987592965
0.710433677963
0.0288592057421
0.993892000898
0.999999831147
0.990102405549
0.469403084162
0.192483426164
0.999999920891
0.158103926693
0.0060825316791
0.114638614218
0.993802973088
0.0407445689177
0.993905776143
0.0900599488819
0.593454516016
0.98673799242
0.950468247413
0.99999963217
0.671067047617
0.999998063791
0.999997260704
0.999993747817
0.982309412539
0.739693421739
0.288696285203
0.996451567757
0.0463427790073
0.55518080932
0.999999933093
0.949265466908
0.559472188845
0.989767893696
0.907698958705
6.65848291949e-05
0.999980998509
0.709784957879
0.00672514025568
0.0186440217649
0.908771752192
0.0786320565006
0.985376457667
0.972378897464
0.991337162036
0.0375354370934
0.0584273950819
0.996763920361
0.184510577702
0.00703078875707
0.0437998432244
0.0585267280619
0.898678674473
0.879367417461
0.993883195435
0.162419392211
0.988302555627
0.594522287376
0.00703726169675
0.964048014176
0.007037532509
0.187703867511
0.00701634477818
0.855162236855
0.85131448266
0.0116918359914
0.00425657206932
0.993878500676
0.000746646392326
0.199346489694
0.990968557942
0.518295382956
0.412912498266
0.00668415860198
0.061453778665
0.372460881986
0.648834285407
0.470033191384
0.648834285407
0.13828371519
0.000832419574699
0.999999107287
0.920936789629
0.652425440131
0.0467069701026
0.999999998811
0.999998833461
0.161375112025
0.977773825222
0.0231199432226
0.875091771562
0.184354041758
0.086033359755
0.971380171891
0.98440067643
0.957938124509
0.000134263484875
0.993890871538
0.263257896855
0.0663960585581
0.0526067055434
0.00489533670672
0.0163204305082
0.0191620074437
0.000527735210232
0.991988855948
0.0369153402113
0.987444762737
0.191693506646
0.10371264551
0.418643787091
0.999993451302
0.99575534912
0.99635226374
0.98452519721
0.993907434485
0.842765808749
0.97081772532
0.718632514566
0.151615553938
0.636181345708
0.00484527081755
0.00252629088139
0.000760884834793
0.993901752597
0.81841274673
0.995881734072
0.999999916257
0.00111985760255
0.994868428985
0.298467998782
0.0897940838946
0.971476510326
0.99999575639
0.980334737175
0.629358757414
0.993904615956
0.546490476013
0.46380223956
0.151185422911
0.982668004988
0.969694505026
0.00551074425398
0.361111120418
0.985366956382
0.602455918
0.0460146679915
0.999993767299
0.5
0.0622946526565
0.98148210091
0.283036228094
0.111508075533
0.0605608307837
0.296360286949
0.486214989121
0.975705678295
0.871126436547
0.999992069987
0.445550929509
0.732478996497
0.999998479266
0.710328206604
0.995739677978
0.0353173497401
0.0746247890672
0.0747340572457
0.0282036775862
0.0560770444406
0.75378443454
0.0166713708008
0.992081716184
0.0846446373216
0.782854718991
0.00290855062481
0.103292075666
0.913593698269
0.00702264261616
0.878248105848
0.0183495818261
0.999999999004
0.996825996453
0.899352558762
0.0409189833605
0.994092804617
0.999999979973
0.985882835735
0.99998742296
0.0609338059417
0.00903705766581
0.979409847487
0.134957714394
0.541622276691
0.0506157691254
0.345993069918
0.999999921373
0.0159314887242
0.00703729105593
0.548793128053
0.984896788399
0.0728300075163
0.00310280629211
0.0239809255993
0.993929191641
0.547478345346
0.971092157283
0.0576089386651
0.0884436499472
0.995571796623
0.00128574071188
0.999999991933
0.0555375677285
0.000511384825585
0.7647415801
0.952480964648
0.0852385404003
0.279598959579
0.648239570619
0.999993934434
0.0257247487948
0.243949962946
0.00704074298279
0.229361456859
0.966830800416
0.999999515149
0.795640200094
0.111557727448
0.0068201654783
0.934546655281
0.00216631996895
0.991687882137
0.0618403644642
0.0312125769757
0.00621823697066
0.294517542776
0.278994099702
0.980505356163
0.338123855246
0.000149262979599
0.83370767155
0.00704036422446
0.00061313963488
0.973508530941
0.983745120346
0.794464457851
0.999999993305
0.191237490308
0.512234424983
0.00756247392536
0.0716392418512
0.00310280629211
0.999999956813
0.173217206748
0.831784798735
0.999999337085
0.999998428835
0.985370478689
0.999999982075
0.974920113154
0.97635156636
0.843565332999
0.684588684259
0.189624700065
0.977916062131
0.00485399896943
0.0804789189172
0.386259415852
0.999985396019
0.339429257707
0.999999986674
0.99999614218
0.422145542934
0.5
0.000219179459024
0.999999866005
0.0647720556598
0.847355015599
0.0608267319694
0.973534504337
0.0194543624156
0.00703316345782
0.5
0.995771849507
0.000858232650796
0.016906784955
0.204696005538
0.990809294777
0.99135615596
0.99498489282
0.239396542949
0.990965420121
0.913229718909
0.979325836098
0.999982309479
0.360044252934
0.34666929423
0.716156335912
0.999999094285
0.997070266126
0.000832509647113
0.0101967733155
0.00157326832828
0.0178931715888
0.00704806731977
0.999993420195
0.00794037932108
0.00703811666648
0.99999999398
0.953334521751
0.774325416198
0.999999992312
0.0496293833925
0.851158098801
0.987536935797
0.999995130727
0.00173116545523
0.35475755041
0.996451567757
0.99389597598
0.00106633354812
0.999999554324
0.999999846735
0.847059370496
0.0188476225995
0.007483208481
0.0276599862313
0.0471359003717
0.293841170383
0.00560408127908
0.874655046213
0.98771462849
0.121684970222
0.903552689749
0.999999999954
0.244142205721
0.903265216241
0.0193655735889
0.131606531559
0.000582921279058
0.67044189291
0.993008697198
0.879377607159
0.999999997159
0.5
0.980275765529
0.999999872264
0.565803096777
0.993881034464
2.04245207691e-05
0.0141981669988
0.15361841236
0.00309265606338
0.999999851688
0.443825450386
0.581096922203
0.0140961904815
0.00703571435808
0.8896170016
0.996142823947
0.387933417616
0.997230429767
0.959481873958
0.00375225736954
0.974060581983
0.0980776163946
0.0333972786079
0.0988068688176
0.948908839803
0.961561245885
0.0281054517359
0.832446054848
0.97221245212
0.669552412555
0.999999997461
0.00704757485496
0.955661396639
0.00710853264144
0.999996937228
0.0187253989246
0.138719096724
0.0502419089334
0.00361992274703
0.919620675306
0.993896664494
0.00939912335681
0.00505053711946
0.999997048142
0.00748655978621
0.307047361677
0.992169408955
0.232077088116
0.904805669035
0.0367005586177
0.995915292703
0.639769552625
0.999992900761
0.0608267319694
0.789968851866
0.493281994396
0.996019426005
0.204867579396
0.0107856415811
0.98369752457
0.00702646518393
0.834342344067
0.0326523679896
0.00933313827723
0.375099340812
0.275645597031
0.161613315353
0.259843750271
0.999996931632
0.999999552961
0.304464471062
0.238698438919
0.862666680549
0.992485294809
0.994334545421
0.0187347468241
0.282078653754
0.00443108611208
0.134469850664
0.984448378812
0.999997104036
0.439886340625
0.5
0.999998794599
0.999993632034
0.999999607365
0.345993069918
0.244511847599
0.0043134488663
0.969407754608
0.0181634289556
0.5
0.0872080355633
0.0277604382584
0.124760744722
0.999995576815
0.986355291458
0.993248661114
0.0366820076221
0.0595359151113
0.999995009523
0.527926362915
0.00526726097428
0.993892133702
0.000374125145315
0.986824224214
0.999983419506
0.999981818414
0.00556943672211
0.030126799827
0.48269546109
0.994652566609
0.993710245364
0.992203672541
0.662892849742
0.525682969941
0.00215225689777
0.804149502078
0.00560507377069
0.149446173399
0.98606690328
0.999988607642
0.787927030314
0.00704006468716
0.567308342262
0.957302973748
0.0443345996713
0.999999999434
0.999999942587
0.9794614593
0.943424781752
0.999982533254
0.971334772287
0.0070496603881
0.937040884623
0.00212624630321
0.931533692501
0.00153361850375
0.996275986283
0.00481312619924
0.00704488202245
0.634971021773
0.942315977223
0.874715984026
0.00704970984835
0.996258819858
0.993890843576
0.115797664279
0.288975090511
0.00701926483758
0.958329722863
0.999999997674
0.52280365298
0.00295610605917
0.0284534607482
0.962836690433
0.926898411453
0.999999906414
0.0400586056672
0.0149433752536
0.00703783068963
0.251920375426
0.993897642965
0.168070550262
0.358576553207
0.997381926159
0.882262713657
0.411432015341
0.999982682853
0.724274683341
0.996980799707
0.768976761438
0.96595302595
0.00453872625092
0.0591940595761
0.997334856247
0.993884695548
0.993897118187
0.863841189403
9.37587809394e-05
0.80898184719
0.00354749160965
0.475351768934
0.493281994396
0.932207205184
0.967488007141
0.0070342903984
0.999999869668
0.992149367958
0.997399027808
0.0537445669226
0.999998833461
0.162220034111
0.974406651489
0.082068259491
0.577500561518
0.00942146372984
0.841775581334
0.115536252942
0.0978157646343
0.99655251721
0.0215362862295
0.0954373030996
0.999995344141
0.228727692868
0.0699607483772
0.96464985809
0.985401915272
0.00476573141392
0.992878335142
0.00702206002029
0.999999282099
0.204014504936
0.0107035050744
0.247608566764
0.993904693703
0.999999914008
0.737122319119
0.0414146394012
0.993906306779
0.0115251126305
0.970972836043
0.002516343602
0.993893330036
0.0100952880863
0.993901309624
0.00315535136514
0.370784341198
0.0163194024252
0.961472114448
0.323113113021
0.984609736816
0.123119236944
0.968478363287
0.953183681189
0.994142068501
0.605008402726
0.0317249515671
0.229216198596
0.145053766792
0.911177005172
0.993891645825
0.00407428091697
0.645399657079
0.944577080912
0.999998794599
0.881205984786
0.0190301113838
0.97167031357
0.99999848108
0.936537570743
0.999999955851
0.980695507746
0.00704654801912
0.576604328605
0.977916062131
0.0611778423845
0.986919637432
0.0951551941245
0.972760100378
0.828176382733
0.0539569007884
0.000285689549027
0.187756623792
0.836841949288
0.404808912653
0.00486444517424
0.999982496549
0.0670794859751
0.0215069099557
0.993888901245
0.99999966792
0.990994708157
0.929544447195
0.0264588619703
0.999999331457
0.997276136626
0.999999813157
0.0231842379665
0.851637158887
0.487856253679
0.99999999963
0.0627023092082
0.193864272557
0.999999998594
0.980531721801
0.0234455914731
0.0647169898485
0.250860772918
0.99390324907
0.00105586390328
0.999999995331
0.00159747648953
0.101230170989
0.00704692775776
0.873518595943
0.694881643004
0.941089938076
0.0707139867645
0.99999991992
0.893789053067
0.837650051156
0.911079761092
0.380835065169
0.00888806091575
0.000235213671399
0.972760100378
0.995868686577
0.0387126663354
0.445550929509
0.995542732138
0.846829137667
0.735366466284
0.363835629657
0.0686193880126
0.946109344744
0.00666966257535
0.937238125836
0.00115538215688
0.390875783246
0.759376428692
0.0881806877868
0.519486415732
0.999999989458
0.99999998741
0.923961403848
0.999999846462
0.989640189379
0.117620967269
0.393725448939
0.107862696353
0.034872055977
0.0118839091714
0.0382722029853
0.277336781808
0.981241416659
0.304464471062
0.975084545329
0.0322662202522
0.999999984582
0.943675589067
0.110570640561
0.0881720830395
0.300146656462
0.00704558773894
0.963924836427
0.00570153118591
0.999999901384
0.885475980586
0.999996027369
0.980153778449
0.988201056595
0.676510833987
0.149446173399
0.99389201514
0.178153957748
0.999999617478
0.665682674042
0.005776678293
0.0441820008124
0.060293619865
0.854065061947
0.231745456907
0.0177733903351
0.829911752576
0.997230429767
0.0218454990551
0.911079761092
0.000170274400212
0.0130256571078
0.971331615584
0.00835705202969
0.999999259642
0.135038166768
0.999999515149
0.0519568044613
0.579362620658
0.2780103797
0.597761636091
0.999998677419
0.993894625228
0.391604940847
0.999999269522
0.0370609521908
0.993902191302
0.041850031057
0.0121232777685
0.0497957654588
0.729868768776
0.999999923966
0.801207525947
0.310012410349
0.00513186330258
0.390672185874
0.884890542648
0.00864840667014
0.974580694465
5.25617813288e-05
0.00552221337563
0.00572660914503
0.00382625680101
0.996355926238
0.756067752807
0.849398000229
0.44232715137
0.999999915984
0.749001541064
0.993882105498
0.999999997737
0.978595795709
0.995737098471
0.204696005538
0.890757367762
0.00146548045684
0.00703246946691
0.995293790906
0.00703403500877
0.0394887415465
0.99998471634
0.993901625842
0.0202848518434
0.72564059321
0.070361820645
0.999999738965
0.0527137098747
0.986953832922
0.948988033203
0.00789755375962
0.999999958728
0.0409189833605
0.999999408437
0.244142205721
0.5
0.879270485555
0.999999985906
0.90002791613
0.999999921735
0.924865653575
0.00871758971102
0.993905351177
0.0844404805053
0.152637416597
0.251344408653
0.999999985429
0.00703562426239
0.076207424252
0.197568470384
0.928482330705
0.136640332251
0.99999817816
0.00950709461572
0.963286733813
0.00703673467075
0.698692548668
0.985905531551
0.999999923203
0.999996206029
0.978281032171
0.0465115515993
0.476553711083
0.999999420312
0.746236819248
0.0190096894745
0.999995497554
0.870729280675
0.994857710769
0.993891639809
0.021295602387
0.999999901747
8.2229692532e-05
0.0841843302528
0.000989036439204
0.245032017067
0.00704049679695
0.984583324542
0.676510833987
0.999999989458
0.999980839779
0.5
0.00521711326527
0.172003756229
0.985071038489
0.951602323104
0.578588225478
0.110397288711
0.0172040073349
0.999999994232
0.899462424916
0.86859817187
0.0560770444406
0.993894468912
0.00906471904202
0.999999665062
0.0668934078731
0.94040613236
0.999992050593
0.746545593433
0.999998601526
0.0824542863232
0.978541686617
0.000131439670462
0.940135586747
0.0075289016452
0.0234267073477
0.889520393294
0.993890506811
0.992853772425
0.974044026151
0.240532330419
0.0338140712086
0.0145532458682
0.215441715697
0.99048035215
0.426516263135
0.486214989121
0.780562261875
0.993891300198
0.0070480070508
0.901535845825
0.888812861983
0.0227966173075
0.999997021102
0.983080955389
0.999999914008
0.909992903496
0.513181893679
0.0504938103032
0.170985995833
0.835391842463
0.999985262881
0.99999653669
0.110397288711
0.0148068994402
0.999999996465
0.0273795715003
0.103168681538
0.0138247088567
0.10348876011
0.991953394068
0.999999717806
0.999999658771
0.995292214178
0.83550924224
0.0793081842387
0.596963396346
0.165549605022
0.999999801415
0.343310373174
0.461116964218
0.00798065438251
0.0780242610883
0.0245397548064
0.978281032171
0.993496733308
0.00555297642759
0.99998890828
0.999995633596
0.0603609233438
0.999999000624
0.00121057328605
0.110695023156
0.461503311491
0.994168100654
0.999988970508
0.993900102839
0.856824865125
0.187516938805
0.0946240477578
0.000559687499855
0.197507311151
0.0807042867928
0.0382225736132
0.123038874444
0.981296679181
0.00271914702681
0.97635156636
0.993890644699
0.000762070522732
0.791108791909
0.879377607159
0.187204481869
0.986940614772
0.97221245212
0.00902303171262
0.714174813964
0.963853358171
0.989606537947
0.110043109263
0.889520393294
0.920884798478
0.0010293341635
0.970339820372
0.215313971886
0.243568609114
0.00703357779881
0.983242237042
0.587168601129
0.999999961133
0.569351822628
0.955309144084
0.431991611354
0.991164487668
0.999981215715
0.933881126659
0.983905824813
0.181064673276
0.905249914312
0.974269866366
0.999999865445
0.988490473637
0.156110097101
0.999989394724
0.393725448939
0.012664291671
0.999999999169
0.931380248809
0.988134311774
0.070361820645
0.000762070522732
0.0100032992399
0.976461596703
0.993895976881
0.995598667537
0.996485117695
0.918028856651
0.977198693057
0.311094686005
0.235119459867
0.959679815137
0.999995398053
0.993877279427
0.0394887415465
0.989034366476
0.948908839803
0.000876120868547
0.00602307069563
0.180098994395
0.995763554862
0.368333565465
0.999989188792
0.00703439096309
0.611249268947
0.999998916104
0.9999911459
0.681227648175
0.884272527572
0.289417742934
0.00529155327196
0.371216302608
0.999999988803
0.943934227876
0.978404673312
0.0323088028318
0.19479768611
0.0696080393578
0.817558141053
0.0841088027965
0.0267625753461
0.841352449451
0.999999997317
0.00971973068088
0.996883666617
0.985700755587
0.999999686799
0.00105895456294
0.999999672108
0.999999923178
0.131492096001
0.993895667939
0.874715341346
0.00567178656337
0.281198519406
0.997115434225
0.0803428398696
0.00701972538177
0.184354041758
0.00704014231389
0.649397868564
0.0132350944932
0.596809086411
0.999997367383
0.999999985906
0.999998601526
0.832446054848
0.893070024026
0.999998527867
0.0642328615348
0.978586537649
0.993893448743
0.0832968757669
0.287213886822
0.0381683005301
0.313625418653
0.966924517246
0.999999992071
0.989752466571
0.790343916172
0.00111870369725
0.999999954993
0.256806283084
0.892811532033
0.9999953517
0.373885005808
0.97817829512
0.136640332251
0.993892787445
0.750147708817
0.129440155498
0.000397826951794
0.0388716728135
0.999999813157
0.878223075113
0.99999560365
0.999999154373
0.996094552793
0.999997260704
0.919034704402
0.996175705049
0.234042605109
0.177394741592
0.0696713828456
0.956768040473
0.00194124569121
0.534338477041
0.0277781428976
0.549731091848
0.00703439096309
0.00305035817365
0.00123838874746
0.00189234767057
0.999999991116
0.594522287376
0.870554966723
0.39645798151
0.999999999771
0.965330308621
0.995817543269
0.0382833912518
0.993903011148
0.00476116059388
0.0220114034813
0.989473364787
0.999999995571
0.967564457382
0.102501005039
0.932491002068
0.667036511056
0.985294846371
0.962926834923
0.999999683557
0.0181914448688
0.4578649207
0.0608675398888
0.91199019534
0.980833093223
0.790562185347
0.993897599608
0.72859641845
0.00702318006725
0.999999998883
0.943357304252
0.0585267280619
0.0671494697239
0.99999366717
0.93449875074
0.918957131331
0.189867862133
0.143877026152
0.993248661114
0.48885963978
0.919620675306
0.9686952476
0.985464242927
0.740261752433
0.999999920891
0.0307727555095
0.990809294777
0.636181345708
0.0786320565006
0.267756483527
0.276356925198
0.999998527101
0.996451567757
0.986716161039
0.999999992506
0.672665826095
0.993886055776
0.0518909264782
0.694552365167
0.943499042113
0.999998529663
0.991382283414
0.67044189291
0.293841170383
0.163368044635
0.960512049222
0.550215512533
0.0249014051498
0.751762339446
0.964293686857
0.999999896935
0.48691131493
0.00704174277398
0.956867440718
0.130154493588
0.69166135629
0.000874080104921
0.999990412146
0.349403805706
0.994364915074
0.912521866405
0.991713389999
0.971292626108
0.0626213426668
0.0530414697552
0.97093138506
0.876855316183
0.0154564841511
0.340503579003
0.292323669935
0.857265487624
0.0372924090282
0.00419424576697
0.0197800398677
0.744706019872
0.99388576142
0.993917029487
0.401598298001
0.999999997125
0.99999998613
0.0176029900656
0.999998007098
0.856669160132
0.0334622748929
0.999999956813
0.0119253569903
0.993903423352
0.773446532481
0.365950991063
0.000468215453741
0.0530786291005
0.237703338351
0.954085386848
0.124203822015
0.370784341198
0.999994162557
0.993887202628
0.104880111765
0.944624228038
0.995870364253
0.937391632356
0.0143714828872
0.989398265217
0.00101805707732
0.989660361204
0.97544753312
0.00483234443146
0.700657083493
0.00216124744216
0.00704130256916
0.999998294172
0.210130486781
0.214016128062
0.993899802483
0.999999999833
0.979207589401
0.378577381149
0.999999717806
0.999998966072
0.462988289267
0.19773390919
0.0768921443159
0.274412824838
0.00846072133474
0.0070360446601
0.0598549224796
0.999999999467
0.979861801701
7.63954594182e-05
0.999999958368
0.36640844573
0.0166713708008
0.213955712461
0.0099574681663
0.0690774784302
0.996863938212
0.390314934654
0.318856902729
0.318741973606
0.00461929561438
0.999999908346
0.999999994232
0.993891734356
0.276874422255
0.00487178243917
0.00157239851278
0.0816995895705
0.940311511506
0.393725448939
0.997402924702
0.00672514025568
0.999999991922
0.333480833432
0.537100940268
0.00702975888064
0.4578649207
0.999998527867
0.891862422217
0.27693943761
0.432551563285
0.905249914312
0.00477670214531
0.000679684830622
0.930315407438
0.129189473457
0.246758033067
0.876204064096
0.963192093089
0.0729936234823
0.999999986767
0.786572826839
0.472761326684
0.0070235586035
0.760971857728
0.0234164061774
0.999997077182
0.0284534607482
0.0374056290043
0.453911771567
0.0459228684408
0.989606537947
0.722760595985
0.470033191384
0.00812629444818
0.0348486340421
0.983993141186
0.268416240562
0.779638886232
0.992843776048
0.506181025805
0.0425375218964
0.000781267325996
0.421325774749
0.690878061048
0.0555402171796
0.00772058317534
0.999985242399
0.00580194723105
0.162220034111
0.993894741048
0.161613315353
0.969923625916
0.959424009847
0.999999998174
0.973582135582
0.99389485012
0.00135849368671
0.0844843193961
0.994740173468
0.735071003653
0.9746996952
0.999999971116
0.0322662202522
0.476491108637
0.181064673276
0.00184688511921
0.537138468985
0.955201626738
0.999989172311
0.536908155931
0.00674560224235
0.00167348921768
0.967346639698
0.0611173806541
0.5
0.898426289697
0.746027620236
0.880679934593
0.144896130132
0.0621325029997
0.546490476013
0.266051930919
0.999996898724
0.703639323248
0.97878837493
0.188394484616
0.97239446885
0.999999794322
0.941568144053
0.0752690915738
0.993893182558
0.943647600808
0.99390506607
0.116609745606
0.0566007602319
0.96074076012
0.0106841645635
0.972565163493
0.992081716184
0.44260238707
0.284955552138
0.648029895413
0.865689947075
0.993884113008
0.546256253611
0.999997737576
0.110610538883
0.745370666153
0.953674680317
0.99390624176
0.5
0.992574813714
0.745306990769
0.000975724680462
0.0391293999924
0.99999938836
0.459509476099
0.00243732600896
0.991687882137
0.982773635306
0.00703387652513
0.993895667939
0.000590724080632
0.00498280911566
0.0135407638343
0.00133392596979
0.928615773318
0.00830205613331
0.0012643610195
0.00219077399265
0.997107287261
0.248102366666
0.160097775971
0.09098311399
0.993494738268
0.0526067055434
0.948988033203
0.00692962525171
0.165391051475
0.990357227835
0.987057689738
0.00704911798114
0.995426512836
0.191943221978
0.980528802758
0.687238855963
0.349860871886
0.943503551633
0.4004847463
0.983405789981
0.993890329174
0.0276003723174
0.999999729667
0.999982975156
0.302893634089
0.999999208739
0.999999337085
0.962731637654
0.175121797497
0.993902956051
0.0301833862149
0.60404079102
0.884903533324
0.0499658830398
0.966270549402
0.999999998056
0.534767336428
0.642536043419
0.792426242196
0.105568160593
0.999999089411
0.0442246716246
0.016682260503
0.0405225398825
0.820027107509
0.992230933243
0.802771867995
0.0367531341682
0.232107886903
0.993229554219
0.468276725457
0.00287545022162
0.103101958874
0.999993079864
0.995059547932
0.935633926551
0.992994628738
0.0774880608242
0.75976487277
0.995248285722
0.5
0.462988289267
0.0674681315668
0.979848737928
0.98452519721
0.999999841401
0.911723009474
0.290631772662
0.678119883578
0.0142858235958
0.251548430362
0.978351367367
0.0953765615394
0.906624228845
0.0204419635362
0.0108605285158
0.994865265935
0.0071500294512
0.854833417609
0.393725448939
0.812141121112
0.99998220315
0.95739551765
0.360677042117
0.00413452719567
0.0379799012814
0.329812067083
0.000537600740631
0.99999741896
0.999999782097
0.835759545606
0.144336942092
0.0382225736132
0.5978334227
0.00483916189155
0.491544283612
0.993901123782
0.0107101212731
0.0739975559269
0.108225561535
0.00142850792926
0.166749710204
0.0172828116653
0.192212775751
0.979976379198
0.99999866027
0.276874422255
0.564746336447
0.988497634176
0.965604207494
0.00189103329793
0.882118111972
0.987937485242
0.980950369537
0.00702914624504
0.871126436547
0.999999814367
0.0240955795338
0.349861917563
0.00139264110912
0.999981215715
0.0125409373874
0.00928014289078
0.0707139867645
0.102304261954
0.649937855706
0.0992309124076
0.5
0.525682969941
0.0616747812158
0.338323558089
0.00814667987682
0.9686952476
0.0978157646343
0.100245260887
0.473213354521
0.202868128084
0.0161165198093
0.074894761697
0.00319141108912
0.0569125903126
0.999992241495
0.00408175179739
0.0969969332149
0.318867805577
0.424140593127
0.426520213501
0.995563846536
0.0241671194854
0.993893329048
0.487394933227
0.834861837392
0.51554725314
0.977822929459
0.382822803193
0.964769748348
0.99999725616
0.336293492007
0.00405078089229
0.999999426598
0.13479451837
0.0126045600786
0.886628195171
0.00602081830775
0.982763544684
0.0485628870754
0.00345417652631
0.0179351636366
0.800324338835
0.00603754658044
0.996194389805
0.923522948835
0.33855671214
0.975455929136
0.923961403848
0.147030056959
0.0562972621961
0.432551563285
0.00696113967495
0.5978334227
0.0159314887242
0.991310648959
0.0138004687787
0.996194389805
0.011905389272
0.064857276025
0.0818155346141
0.313552346078
0.939226059699
0.0516083962614
0.0471359003717
0.656607710741
0.294562679835
0.00759532771202
0.000730363814686
0.993893059081
0.00103616001455
0.999999052089
0.83400655538
0.00653812342173
0.433425483227
0.17169070528
0.915140923507
0.00703870425733
0.00117301214066
0.999987719331
0.992503932469
0.0606139060962
0.100124450286
0.809285866023
0.00942898495538
0.831784798735
0.798176329434
0.820027107509
0.999999999979
0.913901458754
0.943503551633
0.993893772567
0.99999871079
0.0233610470783
0.993906269881
0.0954124549908
0.999999143651
0.999980857997
0.550268212696
0.975705678295
0.0199520154504
0.107822411401
0.000150532737452
0.993900282898
0.98249607104
0.993897817527
0.00383810348619
0.185355087916
0.920949147447
0.00306364182308
0.0151379694903
0.999993631642
0.999992166101
0.95677867106
0.995478649796
0.971802458817
0.112849675423
0.00602385958113
0.857423111036
0.00590592960782
0.999996335427
0.848763918516
0.994460579228
0.00305035817365
0.592217149605
0.0906517394621
0.307590976035
0.999999033457
0.961260431017
0.688984651839
0.0840154231471
0.1440773273
0.0303243929258
0.411568060588
0.318866016325
0.917649250526
0.825262719318
0.00354730292685
0.0071923991367
0.411469767871
0.714174813964
0.742940024731
0.121630103931
0.612109407079
0.787927030314
0.384321328967
0.472761326684
0.0260249692722
0.294494707414
0.043875918347
0.426571610164
0.993898273153
0.00133892015214
0.000372904118555
0.763997824302
0.579316650256
0.744276334598
0.0121232777685
0.993666019018
0.0218454990551
0.0636544595168
0.995870364253
0.02424083001
0.393725448939
0.69014136531
0.630890353692
0.929544447195
0.237703338351
0.999992792168
0.00668415860198
0.275456203217
0.187754770174
0.999995999798
0.788436318852
0.993891526148
0.0133402295661
0.873518595943
0.959914592825
0.0686193880126
0.972739076674
0.0050073144239
0.478416810253
0.0099574681663
0.00703089420128
0.608601680468
0.974964987554
0.00203881527144
0.349403805706
0.182043170238
0.60404079102
0.162940333991
0.023738449557
0.00385917220813
0.00847117017663
0.800351854925
0.37029470661
0.00985052221381
0.985401915272
0.0759424386082
0.109663569709
0.00738597605641
0.56949381444
0.0457568156231
0.0192323921282
0.0683353709986
0.959361619004
0.0204443187222
0.928127061077
0.39131630835
0.676324206033
0.00701852804242
0.00871440609283
0.155982740127
0.946049149434
0.999999861957
0.138273260037
0.999992636596
0.694552365167
0.67573188027
0.943219809138
0.00703106538981
0.999999849047
0.0151484052464
0.993893764894
0.175351546801
0.0407900794431
0.397474129787
0.152760594956
0.00378568219006
0.0925889672693
0.0374602543903
0.974507535502
0.0133830188937
0.0034874642661
0.0997229213345
0.00483087919557
0.845567723956
0.97546290674
0.202026401772
0.999997059112
0.00157326832828
0.0299181914307
0.0660378737852
0.999997608777
0.309509322647
0.985991214765
0.788436318852
0.285079611732
0.999990651033
0.345851012715
0.0025513884543
0.00703864455836
0.993729225791
0.0118455333948
0.00859830837771
0.033473748054
0.982310848604
0.0495902066189
0.0151006510585
0.0198633746123
0.721516656892
0.846723128741
0.0390830071493
0.0291710495938
0.966251393873
0.999995349603
0.390481548082
0.00466658470455
0.00850344620479
0.958914051456
0.00656871162587
0.0387126663354
0.570293020953
0.00109361885636
0.141157742235
0.999996630649
0.008691052284
0.996071993969
0.782731377508
0.00122364597817
0.989681955992
0.000997983853568
0.00157021736134
0.0650756846597
0.012809452739
0.967164147009
0.0453384331919
0.25610102766
0.24620955921
0.0584273950819
0.729868768776
0.000845938563192
0.297950820096
0.210501998428
0.0108765886942
0.992411382235
0.999993034364
0.401831571059
0.0173312779265
0.140683941729
0.005230644603
0.958439016333
0.310906750833
0.929243504022
0.440328415029
0.0215362862295
0.000185028984359
0.550215512533
0.0133331224324
0.986815243362
0.999998924286
0.597414585803
0.0163120476994
0.00579259241816
0.99583747422
0.0139935311806
0.0459649968981
0.28673442816
0.00232375251847
0.00478502741649
0.999999986935
0.943629589186
0.999991004345
0.29886791154
0.440694670825
0.986825149178
0.99390261299
0.898928622108
0.999983437786
0.674974484164
0.0309205523188
0.900938270262
0.893318449376
0.579385404923
0.330738285969
0.117081124702
0.636523974882
0.576846505587
0.0502384428776
0.987222472916
0.004909489507
0.993887536147
0.0108656516475
0.000181455669885
0.971523880447
0.280714609853
0.0164633112443
0.999993034364
0.167885171378
0.00847144296756
0.999985743789
0.875639037038
0.0502419089334
0.290088863972
0.00106712019324
0.937307790401
0.963386225466
0.967518106126
0.132527848768
0.231745456907
0.00703476329675
0.999997955002
0.0466209553002
0.0143648593784
0.999999969459
0.950531381879
0.0137984877228
0.109889923518
0.0230339406163
0.00835705202969
0.999995526957
0.0142784875838
0.93670589805
0.426003328682
0.00881679571876
0.999999975056
0.979614990741
0.97170052101
0.0150034399465
0.940994920863
0.00570924339882
0.0106548199487
0.271493891042
0.9874540653
0.760182182591
0.00142850792926
0.0062503940347
0.988418830915
0.996871292338
0.992926340841
0.014727112632
0.171824938854
0.960741865328
0.243519421617
0.010827912807
0.907392511353
0.000563868121693
0.142741857758
0.0151379694903
0.360344490825
0.986846088772
0.000533896787728
0.982896462989
0.0350489552647
0.00185467080401
0.999999766831
0.549120115228
0.446237354286
0.966056531659
0.996008899529
0.008691052284
0.00135720447741
0.00763714611373
0.00703804146686
0.00341069775879
0.180562339236
0.975857944103
0.988490473637
0.16334591231
0.640950668549
0.566087261649
0.879048247441
0.940426274149
0.820466304143
0.57394519311
0.999999888883
0.98642596466
0.0012643610195
0.999999998819
0.969635242162
0.00121640903383
0.0070335514275
0.00728647115651
0.879816844386
0.22627417935
0.999998961263
0.134209823644
0.93289727027
0.034544898617
0.997346418117
0.0211353261664
0.999999052089
0.738480267834
0.10348876011
0.023685613968
0.99999984035
0.0234639474657
0.993902140096
0.99648793701
0.390672185874
0.999981818414
0.993900255176
0.428614746573
0.440328415029
0.986025139241
0.0568454555912
0.0205747552795
0.888446627211
0.000762232028665
0.999999948655
0.942975265129
0.0070503750362
0.0532288042741
0.557044551717
0.952344683709
0.975942543022
0.802396217025
0.00272367012928
0.0118077413545
0.00720518079129
0.800500484516
0.9999997229
0.863876531267
0.999995361795
0.0013746552802
0.0566007602319
0.965480667224
0.967455627102
0.333480833432
0.999999999694
0.630890353692
0.999997059112
0.191693506646
0.999999385711
0.884973263687
0.999999555218
0.94940460074
0.00172967816597
0.476553711083
0.838690610796
0.980695507746
0.00406607301951
0.173641753497
0.999999992278
0.962930281832
0.91603409377
0.98632314977
0.0018412157098
0.274236874979
0.983530358362
0.811664571419
0.00494628074724
0.983498612324
0.915549943139
0.0548841550357
0.993890217564
0.256045640761
0.298467998782
0.648585433626
0.00128574071188
0.117835697556
0.795621543582
0.0824542863232
0.0611044798888
0.00333137172838
0.0184958453282
0.0198483135791
0.0606139060962
0.0608536587801
0.999999992312
0.00703308989315
0.0444165037013
0.0495902066189
0.676716216733
0.99999999963
0.298673852644
0.0144507708383
0.993893699245
0.174946381394
0.144896130132
0.0929528437047
0.628464042925
0.0158186604562
0.000481201230199
0.00704716298642
0.995840595875
0.814335970663
0.0465319969637
0.00704068415493
0.1440773273
0.672167344565
0.00703761784196
0.00704025819689
0.993892261004
0.00180002754139
0.0972860374871
0.91199019534
0.999999923203
0.995517270439
0.5
0.999999999992
0.0989151154196
0.0070397108684
0.943841024938
0.00364215987985
0.996615297462
0.954370211976
0.00535819307248
0.0981617596667
0.999999335128
0.999994608447
0.097134359919
0.394771579194
0.159040880704
0.996970174683
0.00129394538057
0.00214584861346
0.993523962237
0.107747431424
0.0806444866231
0.999999800443
0.0301975855973
0.999998055499
0.993884708236
0.821811283005
0.75164981663
0.988444755934
0.868143752384
0.00824646487649
0.0331222145866
0.997373576398
0.956801386179
0.602591447647
0.167388971198
0.9897725811
2.6895974016e-05
0.0107242317252
0.214447900805
0.0353545520062
0.132527848768
0.31657756075
0.482938142318
0.000299334707249
0.925508915988
0.645202240616
0.12241175658
0.995754169175
0.999997088093
0.253432622674
0.0070240499281
0.0225709697398
0.999995990091
0.972718602482
0.990968557942
0.00704932630757
0.141718778792
0.778093613856
0.0149644065475
0.010437596347
0.333906168459
0.90002791613
0.517572063043
0.9999911459
0.947250654015
0.010227319702
0.00153361850375
0.00755698362119
0.00703557008767
0.0539164658741
0.000556288777625
0.989787853813
0.011905389272
0.999999988035
0.993905674284
0.99999609068
0.667756112873
0.950081882536
0.99498489282
0.961260431017
0.999999239967
0.00703314541952
0.0451177708545
0.28242177844
0.00799987094154
0.999980839779
0.948811922839
0.610888461449
0.924101317722
0.5
0.908771752192
0.0283724932576
0.994589725488
0.186089587889
0.9961468303
0.993894307283
0.999994182828
0.999996996301
0.99999998741
0.951613114712
0.975185151271
0.533674428446
0.920002754895
0.00703417492587
0.307525460564
0.975286060987
0.0850272145474
0.989541048424
0.993870564195
0.48127360556
0.997250928801
0.0592170852155
0.0698635994979
0.449893735959
0.968148101672
0.00396606230189
0.0419200015743
0.987406947124
0.649937855706
0.0106788454427
0.987293948535
0.752216648463
0.633587964538
0.0163120476994
0.999981665601
0.0509673808787
0.000263091246099
0.256045640761
0.0375425477433
0.993903517838
0.156680387282
0.345851012715
0.999999999979
0.00392777721647
0.401686441509
0.981961184312
0.999995250732
0.0751612202603
0.999992074662
0.999993420195
0.46002757826
0.00560507377069
0.999984142193
0.995988455777
0.00704407625032
0.634100740695
0.981497707063
0.999999143651
0.068314611079
0.260972393947
0.993894387695
0.0872080355633
0.999999548966
0.00807023462891
0.943675589067
0.0507461121623
0.992574813714
0.971499602379
0.999999320248
0.746190133618
0.331959033517
0.00577120556296
0.80056773248
0.999997279424
0.189871424259
0.0317217996462
0.948834822341
0.104551869326
0.964264939645
0.169946455802
0.0070413305155
0.134098393764
0.969623743611
0.00129544152772
0.0245244981446
0.949042357457
0.00787421516098
0.64719192609
0.972387925838
0.999999994183
0.00693926295697
0.605741022864
0.5
0.00461929561438
0.727943582101
0.928482330705
0.802203454622
0.999999448443
0.0116716954204
0.00139264110912
0.000552224427287
0.0088222610255
0.152116952636
0.715342766369
0.0270901001962
0.576846505587
0.00680563432642
0.989222982792
0.0111716488407
0.990720764724
0.00724047870087
0.800101272332
0.390481548082
0.0281054517359
0.00946603058922
0.449556372648
0.882649485822
0.0683355291412
0.993893294329
0.66175433357
0.849955241124
0.986919637432
0.984896788399
0.0234164061774
0.144373967701
0.0177733903351
0.617845026878
0.621501091935
0.990123185788
0.480566277481
0.995712009986
0.0139393605145
0.879048247441
0.950130385636
0.108718161303
0.265750438666
0.0260726772177
0.0792883933842
0.00036142389516
0.103168681538
0.000106794170146
0.0509874986384
0.0187444152156
0.767851014737
0.000102772679732
0.0606975975443
0.999994253844
0.999995361795
0.0065105422673
0.999999455778
0.210935602461
0.999997048142
0.999999814367
0.411432015341
0.835398053355
0.999999488147
0.999997260704
0.0152021434065
0.00702157799125
0.90859375396
0.00262128119029
0.000123891745357
0.00434097943685
0.987241025019
0.00756247392536
0.993895639315
0.993006965613
0.343668529417
0.737122319119
0.944452169225
0.0081550500875
0.426820801711
0.999991424309
0.999996389803
0.0675481278708
0.00386869281492
0.989496143743
0.0971561247054
0.995771849507
0.755605700934
0.980640775587
0.00011016214927
0.319804732951
0.997342656566
0.999999605656
0.0357379399059
0.0288592057421
0.00555297642759
0.907045526655
0.0533084493902
0.266975721011
0.000526493718017
0.0173519118886
0.320622821787
0.393725448939
0.978933167793
0.683368889355
0.996307898821
0.621220181853
0.999985302065
0.802597604306
0.262584277924
0.918957131331
0.507915453636
0.0229259289646
0.0149644065475
0.0396027911288
0.000582921279058
0.34309215911
0.999998184651
0.0256836854515
0.878248105848
0.137543849914
0.00703080408509
0.227289487137
0.794297995321
0.0323128795378
0.0669187370252
0.982862796627
0.997085628473
0.0964150210391
0.996917802555
0.033586602028
0.58048526149
0.301714809408
0.95923163283
0.0660632120966
0.751981842711
0.00678374973254
0.0906517394621
0.0838401823148
0.999999810068
0.0637321958561
0.996490369285
0.370307565371
0.247608566764
0.999999989514
0.691435652088
0.00181845294441
0.749551607208
0.999997100619
0.00703317442364
0.987937485242
0.0282617663401
0.93665572008
0.941660726178
0.0303250586589
0.970972836043
0.0100236060887
0.999999997674
0.383314057932
0.0853497696967
0.999999554324
0.335176027705
0.793934697281
0.0954124549908
0.974232825299
0.121630103931
0.642612600488
0.00704583907275
0.999990900902
0.94327689498
0.997373576398
0.999999917034
0.002516343602
0.00203561920532
0.752631263877
0.0804789189172
0.760737633748
0.95840153977
0.00387844495769
0.996921515987
0.00268985986238
0.007044721721
0.727943582101
0.952480964648
0.00154998524337
0.980943120348
0.419245672849
0.979505992388
0.338840320486
0.0151420976365
0.999999794322
0.936140953709
0.0270901001962
0.723851538962
0.599343359642
0.189902454168
0.988341358763
0.791312922418
0.0304991043204
0.0930872409855
0.999999465403
0.665498872349
0.00702905495428
3.82355513812e-05
0.000453611348144
0.968740868318
0.0247024593658
0.025215226448
0.975198754145
0.999997961386
0.0312143843967
0.703614250297
0.994382809276
0.0239833952224
0.948878408957
0.00354575414743
0.00809758222216
0.00703891935272
0.993898551961
0.99999958068
0.999997149267
0.390914113352
0.200041826471
0.0369388965661
0.482502992038
0.00179855757898
0.999999505865
0.00703258674848
0.984520294134
0.338123855246
0.0185556531199
0.776433129017
0.00544069697512
0.00209355238424
0.912521866405
0.299825597591
0.00350229547109
0.81729756355
0.512481632656
0.999999875485
0.99999871079
0.024583446678
0.171210184744
0.271467107943
0.565892080961
0.692189434107
0.778563209664
0.00290396153893
0.0685511852817
0.72564059321
0.00263164867736
0.934584897482
0.999981665601
0.0453910877618
0.992542631486
0.996970174683
0.999999759452
0.0760256045069
0.71986245822
0.00769261723742
0.677283671838
0.00613925096057
0.109663569709
0.999999999401
0.0860933544414
0.446376528467
0.686262098628
0.856300346686
0.0773329151368
0.993545200148
0.0611776515424
0.817341678764
0.999999942789
0.99388274928
0.013466338725
0.985297456619
0.996258819858
0.00703990343144
0.5
0.0915775759069
0.031953987925
0.819956540453
0.56180524173
0.0457568156231
0.860751343775
0.909484981531
0.37029470661
0.000997493364745
0.591108264534
0.52574268866
0.00717502276875
0.00704758864432
0.975942543022
0.0369904106691
0.954182923655
0.845691781593
0.00703093705651
0.956593973084
0.070348538437
0.00052639814271
0.916711711286
0.73983777472
0.00534504343056
0.937304518872
0.932461565683
0.797953539554
0.00364306442679
0.999999926049
0.00393926436836
0.00207741477747
0.995478649796
0.418214360792
0.911013746423
0.0036771281531
0.0140413452814
0.999999847823
0.00535671474412
0.995366390108
0.361205953719
0.993904659774
0.0776191706908
0.612109407079
0.990292778838
0.505991649542
0.598190218634
0.230581749855
0.000588301611937
0.999999981597
0.994392631235
0.0563580729932
0.999999921373
0.722294124855
0.456469703517
0.0844404805053
0.00117346419352
0.296189048896
0.999999961847
0.000222179625957
0.721559063997
0.991751195279
0.110257907263
0.999993934434
0.00703364120024
0.300146656462
0.0107942123002
0.101377470757
0.0144148651105
0.127011283385
0.999992229311
0.025931072927
0.00704547012269
0.216279059892
0.969635242162
0.0246374552308
0.0920987144371
0.00772058317534
0.00675885309671
0.956295878745
0.851833047642
0.953183681189
0.00715636769728
0.999997100619
0.664171082585
0.714986431074
0.0161165198093
0.00255967138131
0.999999413463
0.0423592253609
0.0295711484812
0.040095724512
0.00100085101997
0.994364915074
0.999999963215
0.950130385636
0.315177380644
0.000999249314477
0.985305992749
0.00704932497304
0.999999919845
0.284850806903
0.999992873308
0.965480667224
0.991848451696
0.9746996952
0.0023963995129
0.999982392148
0.241548836614
0.999999993347
0.976300716648
0.969060153416
0.255725445826
0.960302325405
0.189871424259
0.0119253569903
0.657860609986
0.00703363612798
0.0609817942397
0.969800908966
0.00430432286756
0.209325053643
0.980229367112
0.0115691436231
0.953277715921
0.969800908966
0.888794539789
0.116052483031
0.993888264055
0.57776101299
0.00203881527144
0.114665804177
0.999999282099
0.513118608167
0.213228749448
0.979033730971
0.999998465711
0.981400355183
0.911723009474
0.974689636495
0.75225071796
0.999989172311
0.797229402732
0.00323832796639
0.99243960778
0.0070340810597
0.99999575639
0.999999956952
0.9999998787
0.0180514201393
0.993708540826
0.0106068625378
0.999992229311
0.0713439885845
0.989170352484
0.0372218851372
0.0195204314683
0.995558790611
0.000294883764131
0.999999729667
0.00325640008684
0.985574254502
0.19496538772
0.994821363762
0.999999998056
0.971476510326
0.00704055080956
0.0208700009622
0.941625230207
0.0441910225925
0.000999249314477
0.0303250586589
0.129189473457
0.995754169175
0.442006619885
0.0349078836553
0.999999998346
0.351157452919
0.91880460157
0.351634986613
0.340566683759
0.767953397417
0.000162647848793
0.00785644090577
0.0647054073579
0.286328831846
0.997324311531
0.00294960652975
0.192586098744
0.138132674702
0.754629331316
0.439615002262
0.813308317067
0.971426914761
0.921449224778
0.0215310470909
0.85470200459
0.0505457709367
0.423618376012
0.875683760854
0.993890935424
0.246880712592
0.863876531267
0.599742230184
0.0301833862149
0.0607675802006
0.866756193739
0.996088019488
0.153654377107
0.0628002962748
0.007033731416
0.728768299141
0.00927002055816
0.962820241392
0.294292656911
0.999998063791
0.209325053643
0.67905225257
0.120163803834
0.0196495633561
0.0922391054546
0.0160289615336
0.615331080102
0.999995130727
0.931380248809
0.898928622108
0.994865265935
0.868143752384
0.0247024593658
0.767851014737
0.00330950376457
0.967072482921
0.782854718991
0.999999370991
0.629144122067
0.0850808499876
0.00703353074373
0.993901548055
0.0589690341599
0.15992056003
0.692440532476
0.526386727264
0.00121640903383
0.457912434087
0.0188805095342
0.104695454235
0.739693421739
0.60632610677
0.999999331457
0.0295711484812
0.0234611737304
0.997259752398
0.994054892198
0.993892895144
0.999999976965
0.99142014615
0.00489932477277
0.815903415293
0.768976761438
0.575780761685
0.288139080874
0.00701833710231
0.92520327109
0.0263807523598
0.187703867511
0.738480267834
0.336293492007
0.965852579786
0.48127360556
0.942551641027
0.991314796073
0.974917809272
0.993897425802
0.0236944755926
0.999999921968
0.152023215798
0.999999111135
0.999995158982
0.823732116565
0.993900767218
0.00133235659318
0.993881023152
0.00198306291868
0.99999507576
0.999997710985
0.0515764020192
0.156410730461
0.110043109263
0.469240872982
0.0910799597308
0.999996630649
0.999999958093
0.721570777451
0.0299181914307
0.0250372734622
0.591688593202
0.993881304342
0.993892130908
0.0660632120966
0.993895238086
0.000272924540569
0.117218627804
0.995353893876
0.00273763594319
0.86123999048
0.553068983397
0.00391258093972
0.00906471904202
0.0189396563572
0.481699264974
0.149979316433
0.0676819414145
0.964464143355
0.0044032478563
0.151767956841
0.341420266392
0.0472645961334
0.576780593336
0.00705035374014
0.707417191093
0.0108232363406
0.919731179917
0.921023303651
0.0163204305082
0.0465266248173
0.805149692881
0.117965412199
0.426123274511
0.601386374671
0.510073617981
0.999999810068
0.576243859546
0.00173962541621
0.369535429341
0.1556962329
0.693128692921
0.263643721006
0.999996585362
0.999997446017
0.984076726329
0.0125987711696
0.989077639135
0.78877400584
0.0043134488663
0.999996897061
0.999999999954
0.000172829583249
0.000920199640703
0.440201549653
0.00703196226308
0.214182863044
0.202026401772
0.00127491342748
0.993455001077
0.748552578344
0.350283805174
0.899352558762
0.00709454082762
0.00386634789391
0.469560141896
0.999999672108
0.00947944898063
0.904974692799
0.553516036266
0.999996526722
0.995353893876
0.406340327598
0.000359071014523
0.999999999401
0.99388837204
0.243568609114
0.999999930371
0.513020985389
0.686262098628
0.0698635994979
0.899462424916
0.228727692868
0.976056428718
0.93519978682
0.979655067265
0.99570173654
0.0474165799626
0.00746238722959
0.0180248274207
0.00323832796639
0.00019404222778
0.751319059834
0.00327768227195
0.0492140175314
0.999999997674
0.0490339944308
0.226972880347
0.98922306199
0.993897371549
0.999996823056
0.318741973606
0.00267604099793
0.921184710868
0.986771623553
0.917018056975
0.982151104095
0.054233997035
0.0332718585748
0.00303360355301
0.957938124509
0.00341069775879
0.996390094786
0.985294846371
0.978404673312
0.00149269290737
0.00703152645933
0.00276760446354
0.980565905859
0.993898595818
0.994216406605
0.0565388006665
0.955829227572
0.0293417825557
0.00580276321783
0.989374543382
0.989374543382
0.163310043042
0.841352449451
0.942197030443
0.907770450169
0.104880111765
0.0361081670325
0.615331080102
0.993895172774
0.991137505334
0.81841274673
0.0406901337907
0.191506457117
0.0780242610883
0.23742155931
0.156110097101
0.999998919748
0.993886168905
0.999982975156
0.213831555935
0.993895667939
0.999998253733
0.00248308595671
0.0190096894745
0.995361946644
0.993891029763
6.96644180583e-05
0.586344913442
0.993895608217
0.0602259902534
0.284146162904
0.170985995833
0.123119236944
0.00703287554208
0.999999188507
0.999999267156
0.874985479312
0.00217279987661
0.706330871227
0.0539569007884
0.233329090803
0.999999978257
0.0188294975469
0.0158186604562
0.99389743692
0.0210038135987
0.0878513064424
0.845962889096
0.999999567118
0.766997106539
0.999993001282
0.999998378019
0.965330308621
0.00704023695125
0.417821392254
0.422216941497
0.164957115401
0.956675757694
0.24047627386
0.00386869281492
0.731168524557
0.38781623059
0.446376528467
0.00114388428352
0.875008778236
0.00709454082762
0.136208792255
0.947627507568
0.999993103727
0.999994171382
0.012664291671
0.00159033646163
0.00542075908328
0.967072482921
0.141894555567
0.751811958737
0.0294776115571
0.98538018209
0.992702898139
0.984509547531
0.890170406725
0.00704674613867
0.991791457586
0.718999890947
0.177694291693
0.00521711326527
0.00884649270389
0.000283467364367
0.919034704402
0.995382264735
0.993825927394
0.0734588965382
0.993898801138
0.119983686786
0.874985479312
0.999992636596
0.0212939385714
0.837650051156
0.00724601330832
0.0697133685401
0.010631429895
0.0206936993613
0.0141924854147
0.233232235653
0.879222042345
0.00369105359932
0.0277421965469
0.999999889964
0.0177856232596
0.00487178243917
0.988929306511
0.99190710609
0.00895336063988
0.99999866027
0.988742442775
0.984684232791
0.0137819142899
0.920002754895
0.581096922203
0.994085866975
0.924784168158
0.999999981597
0.0866904308198
0.648937135143
0.397474129787
0.970800861667
0.0968684959256
0.971334772287
0.880348915414
0.984715423412
0.0303243929258
0.98436185384
0.971331615584
0.99570173654
0.221727837211
0.983962489232
0.319298318142
0.941187834336
0.00703719217434
0.00704203056226
0.98074805057
0.00703859992353
0.376557405379
0.964847053581
0.0105342317143
0.00433693626394
0.00599544067887
0.760560762626
0.387913281542
0.971955938183
0.025441528441
0.79448324081
0.991513416772
0.879377607159
0.989737580492
0.801207525947
0.993877884221
0.764572645931
0.000389122250498
0.185448040776
0.0863571758113
0.990310694889
0.942197030443
0.268795573627
0.115173005327
0.000668621124573
0.0748130946204
0.0118600743844
0.88983931147
0.984076726329
0.999999375263
0.925660693637
0.999998702399
0.996709803837
0.997250928801
0.104624995052
0.957543378409
0.488619084584
0.999998861708
0.281117285892
0.999995999798
0.0660603739769
0.0860314458356
0.00387844495769
0.947543735339
0.99999991992
0.0259748774441
0.0258780816278
0.0419705491517
0.0922183278495
0.994825107485
0.0280373276106
0.652003792774
0.848687863388
0.987526845724
0.000997983853568
0.999985451964
0.152023215798
0.200883580529
0.461075137729
0.5
0.871394828425
0.988122355674
0.166691887279
0.0369388965661
0.0138726817995
0.000874080104921
0.996897596337
0.442006619885
0.96796086514
0.444200056248
0.999999958728
0.344533642883
0.900589810463
0.0140775850863
0.804973970083
0.765483030569
0.957671940294
0.708823526541
0.00702262023518
0.985356688245
0.549832366596
0.0159871886749
0.145522440253
0.466585267892
0.999999998899
0.0071500294512
0.98538018209
0.00708693308256
0.0601045491726
0.163183520849
0.0162709912589
0.697200025254
0.00786162392668
0.875402387645
0.888732984271
0.999999808527
0.999999928034
0.993898289051
0.262144744484
0.00792348934459
0.0518909264782
0.997145602182
0.985385671854
0.999999975056
0.999990602711
0.999999664892
0.0100276580402
0.927776524325
0.105864371086
0.109889923518
0.39131630835
0.299656484591
0.987843273613
0.99999998718
0.169207148842
0.935131799975
0.995657113963
0.0165193706111
0.00702672329499
0.624584584952
0.151615553938
0.00231513402838
0.999998253242
0.986025139241
0.527926362915
0.609397961583
0.00602081830775
0.00510328587873
0.54023231259
0.853966093366
0.0113688053501
0.985363574049
0.0339982755089
0.0122784741806
0.8896170016
0.921373998184
0.549832366596
0.986589690156
0.00703410213485
0.5
0.458893579506
0.00139680780972
0.033010083871
0.300326957923
0.332272747063
0.00544262000467
0.795953863544
0.949671970911
0.992646346145
0.626759132516
0.411568060588
0.0113688053501
0.984545816456
0.999999999999
0.219954400553
0.530507101029
0.947627507568
0.999984206665
0.00118076673432
0.999984174727
0.782363477892
0.992681167545
0.999999481418
0.0114710378946
0.986589690156
0.992962030193
0.999984857394
0.487269162673
0.959185712875
0.0218977876352
0.00146548045684
0.00135849368671
0.518295382956
0.330143147108
0.991811999092
0.88940905964
0.696612200524
0.979332790467
0.944998117679
0.0984293325886
0.978434382027
0.993894084492
0.975455929136
0.0616993329373
0.0516625668351
0.993892622987
0.993894959905
0.141718778792
0.996773328907
0.993816449212
0.00230773090956
0.0906975252216
0.0071923991367
0.996162471239
0.420114356019
0.109757310886
0.0349208372185
0.907793991531
0.963749118356
0.00702577889958
0.48021694627
0.975384166325
0.0164099989944
0.999989020117
0.999995713776
0.991310648959
0.991627413854
0.356721389918
0.733938441008
0.0681715660402
0.000681900923661
0.00401159589264
0.971034082524
0.596678698726
0.0470033096992
0.989810653892
0.795649314811
0.66676089984
0.00433479244985
0.00848094338037
0.00239579835694
0.506533280531
0.192636860809
0.785158175967
0.550914226661
0.995248285722
0.361470307078
0.996586104498
0.999992598273
0.299825597591
0.993898140317
0.999993425127
0.982956532323
0.0601045491726
0.939561380324
0.340898157554
0.0994262633365
0.629144122067
0.999986681845
0.21651752837
0.000150532737452
0.977846540238
0.98735271739
0.999999990166
0.830686579553
0.73694711234
0.621935898599
0.440378439623
0.000192733423388
0.567308342262
0.047575065522
0.999999831147
0.000831521338194
0.975552508939
0.997408793739
0.846829137667
0.546596004482
0.875525383705
0.999997149267
0.969407754608
0.99999997377
0.187770717324
0.985294846371
0.992962783131
0.652003792774
0.752631263877
0.955936351683
0.993430168385
0.809000314144
0.000185028984359
0.161573836409
0.422216941497
0.527436012454
0.847634571
0.171075971437
0.00704078519482
0.00361624715773
0.974945753398
0.875683760854
0.475840576921
0.00535896313553
0.03275752801
0.999999385711
0.0259708768483
0.785158175967
0.0767509779464
0.669249389861
0.961423433632
0.482938142318
0.307590976035
0.00703110056291
0.844838177265
0.00468540926109
0.993229554219
0.712851731051
0.857623839958
0.629586712291
0.967794061867
0.999999921968
0.309048730169
0.999999961133
0.974933488692
0.679482640203
0.000681900923661
0.0155663166881
0.999999861957
0.000439076180173
0.987444762737
0.0742600296063
0.745231219396
0.736078428439
0.999997260704
0.727758356122
0.259843750271
0.00200292257308
0.328903004317
0.145472348057
0.933750494747
0.0291285477711
0.00864840667014
0.85349491056
0.91959356737
0.107117767931
0.0186806023281
0.0196495633561
0.907612790628
0.00320337084888
0.00837510237785
0.999999973134
0.986147314303
0.0290963076093
0.0070400086551
0.00513186330258
0.00109411867903
0.983925641244
0.00980322145007
0.999981051407
0.967493940738
0.988569601461
0.00703450168338
0.0759143016817
0.970570403069
0.15992056003
0.52574268866
0.108723972172
0.169318476897
0.879465959524
0.0279248702142
0.175121797497
0.00171249072964
0.115670649058
0.0169066951557
0.086355607824
0.00703172451155
0.0827482137211
0.290359591439
0.393725448939
0.994733898134
0.0860380588668
0.165034069184
0.896220065935
0.999999986877
0.983273896731
0.995598667537
0.99388844035
0.00703292521615
0.991933974296
0.514163087329
0.978434382027
0.142880146078
0.0900599488819
0.247279261686
0.99999992408
0.90492260278
0.999999799625
0.98366110017
0.0192121654748
0.799776267173
0.609397961583
0.786302788435
0.992549025935
0.00176432621397
0.294106826506
0.417397003662
0.0303606633399
0.145805017412
0.876855316183
0.534767336428
0.109751272671
0.980356767345
0.967452690154
0.0304210120513
0.983426583593
0.85577332446
0.0846873552532
0.0259347508956
0.00888391388192
0.0986515458262
0.9999997978
0.687118140462
0.0473002211756
0.00980322145007
0.000915059355713
0.000236180023768
0.169529919346
0.0160289615336
0.818526788579
0.0126685958424
0.983530358362
0.145354083834
0.329128895814
0.980546472501
0.0381645808809
0.0018451161671
0.968561990209
0.989496143743
0.00441021822991
0.0428442281567
0.197019217396
0.537100940268
0.114371164147
0.848573491888
0.00478502741649
0.993900679714
0.817904260469
0.012809452739
0.597191500908
0.0187256034206
0.764173273594
0.670406395268
0.017492022395
0.109757310886
0.0105114838022
8.47752157429e-05
0.776140172452
0.527695417142
0.0136284381502
0.835759545606
0.0217226891601
0.978541686617
0.999998253733
0.987526845724
0.379541804718
0.309365454203
0.88355707399
0.976427685631
0.0107856415811
0.210272638988
0.791409503525
0.0497786155053
0.107747431424
0.684401355129
0.19483455728
0.999999989034
0.992710407985
0.147980645556
0.959481873958
0.0694969939522
0.999999098605
0.941494278282
0.00703632685808
0.145805017412
0.884406504834
0.999999808997
0.215313971886
0.0126045600786
0.138132674702
0.983100808037
0.993899966636
0.995558790611
0.349860871886
0.0133331224324
0.00143274263322
0.88983931147
0.222589968721
0.346410709792
0.188477180849
0.00947121794649
0.0070336924488
0.392487761603
0.968561990209
0.916711711286
0.0282036775862
0.995540125169
0.255725445826
0.983810617964
0.677110692433
0.55295594671
0.332955112047
0.963192093089
0.00703278188604
0.0180466975088
0.921373998184
0.214645361161
0.975185151271
0.999997737576
0.162662204187
0.752716339363
0.814335970663
0.978874378679
0.0164828947062
0.186085068402
0.00704169482299
0.0300599660218
0.340540531495
0.169318476897
0.209946158821
0.300326957923
0.993891175912
0.467896753097
0.000129304178076
0.0407445689177
0.994254096523
0.980943120348
0.989660361204
0.999999376047
0.690878061048
0.0595538024263
0.996071993969
0.999998296693
0.983786575951
0.960040417242
0.0758688679687
0.0199388684619
0.0071978579428
0.117218627804
0.959679815137
0.99998220315
0.113456935846
0.990156039302
0.297950820096
0.914345770658
0.988444755934
0.00561027754376
0.00942291972352
0.999999971808
0.995692237893
0.120082688412
0.456076973612
0.00640106359984
0.0312905798687
0.997075650544
0.999994926217
0.0022191038683
0.985762399768
0.997115434225
0.999999027897
0.999982533254
0.1062251932
0.0144366627985
0.00535671474412
0.999997383197
0.993895764181
0.997367427534
0.999999201662
0.00971850708582
0.993904066352
0.302678469712
0.117221371182
0.999994888783
0.00602307069563
0.994169426137
0.0350994305389
0.909690504608
0.00881679571876
0.993905136349
0.0601008677829
0.904230401719
0.00174054149168
0.000397826951794
0.128294985922
0.00756907707734
0.481699264974
0.851158098801
0.0619974476401
0.760560762626
0.999999997062
0.999996385626
0.00704711380693
0.994938848554
0.909772630151
0.00117728815595
0.99267039802
0.79564148426
0.00703398953399
0.0616756091525
0.0218745262645
0.847748385153
0.972718602482
0.999999869668
0.989442853622
0.0044032478563
0.00703927307666
0.000299467791834
0.0183658644102
0.00333137172838
0.636523974882
0.0136284381502
0.171075971437
0.996182820875
0.0350947698857
0.0743064914646
0.999988943275
0.974945753398
0.917018056975
0.0367246078908
0.00281359462912
0.314079705406
0.983080955389
0.52280365298
0.999999937719
0.000974111075552
0.999996027369
0.0292103242286
0.024664431861
0.216380370821
0.461116964218
0.953907316623
0.000856149024298
0.298856998208
0.426516263135
0.0188692708751
0.999999644452
0.15691358823
0.999999951874
0.035007881361
0.973111182809
0.202875267186
0.984715423412
0.227026074966
0.247757107178
0.999999726177
0.0673592212136
0.86873917109
0.783067016053
0.0593386810947
0.993892814691
0.964400428125
0.423488518416
0.00791968954805
0.0388716728135
0.377737957173
0.0251514319059
0.0115564597382
0.208963455307
0.990102405549
0.958403753562
0.86859817187
0.000922932655146
0.000699808944719
0.835398053355
0.776140172452
0.977846540238
0.00703924452831
0.00538887289141
0.220485154633
0.99999958068
0.0163194024252
0.999999875336
0.991839516816
0.982520529237
0.00241142816449
0.652147156607
0.0640518301863
0.00171014176551
0.789240401986
0.795930786275
0.993903744068
0.00704428951616
0.0796360270758
0.0894764391417
0.00765092548227
0.152835343002
0.244595008856
0.999999865445
0.00704205388491
0.00875126597144
0.982310848604
0.00703302669373
0.00759882452012
0.999999039204
0.038636871561
0.991513416772
0.0700626058558
0.180793548782
0.192586098744
0.737106291156
0.0131107641467
0.919731179917
0.715787447288
0.456469703517
0.5
0.999999971116
0.964400428125
0.99998541848
0.98654494444
0.00704711680423
0.967508570762
0.0314528926855
0.0276067101269
0.521765836979
0.767963866288
0.0282617663401
0.0340375426646
0.00121927737468
0.134767560764
0.00731839991485
0.0070248566009
0.963924836427
0.938482137926
0.00034579025041
0.00701947314944
0.988545226152
0.774746040401
0.0760256045069
0.999999991116
0.985294846371
0.0465266248173
0.996863938212
0.716150331011
0.711041396129
0.0742600296063
0.993898349844
0.0133971781676
0.200867678623
0.0249812638743
0.328903004317
0.00703140839442
0.274412824838
0.00879256105253
0.999998863231
0.0118668050899
0.0097992853401
0.991102567797
0.100473799955
0.879377607159
0.00332283548351
0.111259007566
0.0193833590064
0.984502634531
0.0314528926855
0.0937639464446
0.959361619004
0.999991969804
0.0377673715649
0.00217208033837
0.892992320664
0.00703439096309
0.80056773248
0.955194055227
0.00907122387829
0.999998872441
0.489258197078
0.0780652144962
0.994022311793
0.010073915904
0.401084462476
0.993896706302
0.00542075908328
0.161879746928
0.489954747975
0.834861837392
0.00871742014575
0.00331193664318
0.995671838909
0.972565163493
0.0802251992476
0.0227966173075
0.962481343323
0.30085678651
0.999999676688
0.995901716179
0.871394828425
0.999991017191
0.628464042925
0.0743583541754
0.0559435229298
0.993901585708
0.0435462756232
0.478274123169
0.0164406657135
0.541785981698
0.997164280576
0.00564620703283
0.360344490825
0.984370569712
0.173157894443
0.101697140597
0.962590838285
0.989473364787
0.0843603154621
0.874715341346
0.910740914798
0.00102419611175
0.0116918359914
0.913229718909
0.00159747648953
0.0690752578717
0.534005088706
0.999999999992
0.987939635321
0.0094265631323
0.228628051846
0.993893437051
0.993905171824
0.00923330303803
0.409226149036
0.890170406725
0.995361946644
0.487856253679
0.988203395613
0.999997566835
0.996921515987
0.939378330795
0.789240401986
0.986144108918
0.00174731484744
0.320622821787
0.0045583880546
0.10875983591
0.191097041071
0.0114825157545
0.999995616764
0.984771082823
0.940916417972
0.424425642933
0.820036419455
0.0386223727532
0.239912564922
0.722065874177
0.999999134742
0.999999956952
0.591788200588
0.021226797619
0.999999188507
0.901889988675
0.644045211772
0.993870564195
0.164580154531
0.953440657641
0.401831571059
0.999999552961
0.0070198938179
0.0151484052464
0.165707587543
0.999999598822
0.160586519846
0.999999664892
0.13828371519
0.0602567938844
0.99635226374
0.999996402513
0.00367201981507
0.98135555117
0.346095252287
0.248102366666
0.983745120346
0.919310417592
0.0130274292946
0.470362593587
0.350373138847
0.741927639368
0.107822411401
0.990720406888
0.997180249683
0.462838223723
0.999998793301
0.999999157015
0.999996585362
0.990994708157
0.993893282706
0.937391632356
0.878474431637
0.00281359462912
0.00174466783206
0.00791968954805
0.921666262652
0.0581475825794
0.993895821812
0.981400355183
0.471392814433
0.902831247821
0.145522440253
0.0851327119178
0.0215069099557
0.974580694465
0.0194305705297
0.17169070528
0.374269924867
0.00703699922041
0.993898843121
0.895444554195
0.033688120793
0.0340998127203
0.570848564132
0.103271952852
0.999992792168
0.054233997035
0.0415814738021
0.999991052632
0.993751188216
0.953674680317
0.999994253844
0.879270485555
0.0657653942766
0.00480621832687
0.0300500989741
0.883687629772
0.213228749448
0.00312146551172
0.615602090745
0.54351708993
0.440378439623
0.977300562393
0.0561984617222
0.993886112026
0.939378330795
0.04381142705
0.999995682917
0.405358955248
0.977300562393
0.978874378679
0.234564777259
0.917608260074
0.16556042543
0.0509874986384
0.000746646392326
0.0038430533657
0.59532685024
0.993905258298
0.403076841654
0.174946381394
0.00392777721647
0.066036676269
0.12241175658
0.725810296416
0.0552005458022
0.885871409264
0.727817468746
0.994168100654
0.993879140802
0.0951632288264
0.976056428718
0.993890877839
0.607164195767
0.79448324081
0.0106841645635
0.999996937228
0.992662665746
0.961962829123
0.995891714421
0.982272866523
0.491388547673
0.737106291156
0.00433479244985
0.95727311203
0.815846863694
0.335423142484
0.915140923507
0.0070249554606
0.993901639399
0.959914592825
0.7111450038
0.000858232650796
0.985106144736
0.577763918639
0.98272512486
0.999999999675
0.00109411867903
0.9897725811
0.28768422055
0.00337625242982
0.0803428398696
0.0870235699069
0.108225561535
0.960349263081
0.893789053067
0.976332247329
0.000136005974288
0.995878056906
0.978557699813
0.00176432621397
0.0183147138732
0.999994182828
0.983944661899
0.00252629088139
0.99999967458
0.587153733185
0.993899929329
0.00106712019324
0.994610552402
0.0139393605145
0.0194607341015
0.0431361064818
0.333207380657
0.00197416351511
0.00560123549595
0.994981917421
0.996082138683
0.980524844734
0.228628051846
0.00703202942771
0.0176060554959
0.00908617356604
0.141894555567
0.974300213984
0.274996182426
0.999987067132
0.993902294133
0.000236180023768
0.978433285954
0.596963396346
0.212470666934
0.0217991280899
0.404166230119
0.897622593717
0.0590377590765
0.993903086171
0.0559443242312
0.982149391727
0.0107035050744
0.99999991021
0.997070266126
0.940135586747
0.3024642383
0.314187324243
0.396478659295
0.0516625668351
0.993892865257
0.335176027705
0.988579257052
0.0759143016817
0.0437998432244
0.0416772993545
0.989065643043
0.0123605860786
0.997085628473
0.999999808997
0.145472348057
0.164967816823
0.936892555751
0.76784256809
0.959011960066
0.153902132724
0.990670141219
0.00704268573193
0.0264588619703
0.999996461891
0.329812067083
0.999999300853
0.999999578838
0.108072887165
0.999999996994
5.53087037127e-05
0.993900348287
0.98053652655
0.220174962335
0.813308317067
0.242500110178
0.980229367112
0.99999278714
0.116458707667
0.0005938278862
0.999987967287
0.00316377964698
0.999998924448
0.340575116882
0.362818145708
0.188394484616
0.0140775850863
0.00702469348933
0.671836463169
0.993892097125
0.695776544071
0.999998055499
0.533711814389
0.68845100324
0.167733707377
0.785001876575
0.999999465403
0.993894122089
0.0570923945965
0.981039404499
0.0591940595761
0.634196817727
0.392108947254
0.0257247487948
0.110256977932
0.0374602543903
0.999992166101
0.993900211557
0.5
0.00697428800309
0.0137433178714
0.999999985855
0.692844924391
0.103101958874
0.00713002610836
0.0440404315723
0.989065643043
0.00106633354812
0.0806444866231
0.99998742296
0.00268631284617
0.954370211976
0.0214586073868
0.0137793003901
0.99575534912
0.00923330303803
0.785001876575
0.695776544071
0.982637097894
0.884973263687
0.0293456482585
0.999984924355
0.910478000923
0.876204064096
0.00107740259365
0.972675732198
0.0686006313462
0.883451316466
0.993889277213
0.155123411732
0.232469193123
0.0191823490208
0.651411044174
0.789968851866
0.590299371757
0.00524842157969
0.993149940545
0.999999820515
0.0413522851967
0.344573699895
0.598190218634
0.993892794859
0.00606142330988
0.990292778838
0.999999928598
0.0889284126924
0.0070328772008
0.301357553063
0.0615734281259
0.420114356019
0.64753245695
0.00034579025041
0.149107790249
0.0160246029905
0.0130596580407
0.0230311642081
0.00948839384377
0.948605540496
0.24620955921
0.9999988366
0.192483426164
0.992710407985
0.4004847463
0.987199163468
0.98249607104
0.985356688245
0.967022883561
0.999999906414
0.0144096432734
0.0840617226136
0.00318359599814
0.048423773091
0.208168221248
0.0891199152406
0.212470666934
0.082452818814
0.878647511898
0.00704434897808
0.999999297905
0.985659219235
0.007048845786
0.083801470753
0.00695697928116
0.40667177743
0.99389101306
0.999990900902
0.626731689303
0.258615659092
0.996829386466
0.0857983969784
0.0388973863058
0.999999992701
0.55898088942
0.428673690374
6.96644180583e-05
0.965274624437
0.984520684437
3.68696395327e-05
0.547314881058
0.0150034399465
0.884346788987
0.993892413166
0.899896845133
0.335423142484
0.926480353846
0.0705005152318
0.726802234554
0.990256404938
0.999998391716
0.993893643928
0.189972991178
0.993889380246
0.00703442028758
0.579621865412
0.591126928065
0.0159390299602
0.993404195633
0.29886791154
0.985606894503
0.026072609283
0.999999954993
0.945934463978
0.993897104694
0.790343916172
0.989922794897
0.00361818346801
0.159815842177
0.993880380964
0.00570153118591
0.00170774164143
0.729012715423
0.98135555117
0.109751272671
0.999999877556
0.98735271739
0.99999301155
0.611795242608
0.994589102217
0.00115743782225
0.845459858046
0.999999937635
0.33816460913
0.980363236596
0.294517542776
0.00560250527689
0.138988853209
0.999999555218
0.955918710246
0.999996611072
0.271524066237
0.132185719883
0.999999226543
0.996770865851
0.000457209687149
0.0298928361575
0.433060378689
0.757554644386
0.879981092559
0.0248890334004
0.983841599862
0.439835055946
0.999995567115
0.0016047205528
0.122368800024
0.356721389918
0.00703409424198
0.019842506411
0.934642463621
0.431991611354
0.470434651134
0.993869573251
0.999996611072
0.0159664240085
0.0557160732367
0.00575427695165
0.0852979361824
0.99388970152
0.794297995321
0.459509476099
0.00425657206932
0.983273896731
0.123780734441
0.993485222359
0.17217295717
0.418643787091
0.993878835536
0.0296288395438
0.00593316499216
0.576604328605
0.983841599862
0.00036142389516
0.999982195716
0.0336277305839
0.838690610796
0.0538998139218
0.923497046816
0.0474165799626
0.125147686933
0.756067752807
0.0248596392516
0.921666262652
0.0124537918878
0.00871440609283
0.0539050668296
0.303641401939
0.999999617478
0.999993479099
0.993891909333
0.811890862605
0.00397711130866
0.999999866005
0.993887876534
0.5
0.00824381626003
0.645130570392
0.351157452919
0.992871949791
0.0654815071059
0.00703412626898
0.320379927521
0.272946168416
0.999999999936
0.993751188216
0.308417507387
0.805149692881
0.988122355674
0.142942198626
0.911753158102
0.166563041208
0.99389267514
0.214306457151
0.0359007291139
0.55518080932
0.370876138151
0.999999952972
0.993894126252
0.00364215987985
0.99389938688
0.00117728815595
0.992757981349
0.00948839384377
0.0841088027965
0.99999999796
0.337335126925
0.999999988035
0.0651699564518
0.474439364571
0.963286733813
0.993430168385
0.993935348583
0.982956532323
0.887297379595
0.0253686620281
0.0713439885845
0.478900671874
0.0118897825656
0.28899330996
0.198677431143
0.626731689303
0.99999978682
0.179284220733
0.0472423702886
0.873736487087
0.5
0.875402387645
0.0299205118537
0.856000938633
0.00703113861231
0.00703790453584
0.0206497673051
0.999999998899
0.508033184038
0.204867579396
0.00670809721991
0.985574254502
0.0842833604564
0.613755753034
0.00932915240937
0.00634136147753
0.167388971198
0.999999959292
0.000444904534551
0.00853358136837
0.891862422217
0.94042135214
0.950531381879
0.546656010457
0.982903863844
0.992179318426
0.276460615225
0.920932017537
0.0796360270758
0.20804014523
0.993896212079
0.401917009416
0.999999157015
0.988755512937
0.996921923675
0.199426414047
0.177394741592
0.000144320830234
0.0978386463014
0.786572826839
0.0730425550171
0.972387925838
0.0589690341599
0.184929781714
0.985390171166
0.927615170378
0.00759882452012
0.00713002610836
0.963108406514
0.352546007518
0.125383694968
0.993893267771
0.513020985389
0.00504836253701
0.0411362090586
0.00476573141392
0.99999507576
0.599476712757
0.00673431498316
0.041058929324
0.00464379275304
0.804149502078
0.999997237116
0.560364069318
0.999999847823
0.97803935225
0.0294034535962
0.0332718585748
0.986455662764
0.992169408955
0.999999998345
0.99564374691
0.999999594708
0.00703535853053
0.560175204251
0.992853772425
0.131067111329
0.696411841181
0.583424085148
0.00509534306787
0.824631884375
0.00164472998063
0.999995398053
0.0132579661521
0.939460716582
0.999999481418
0.00704424170602
0.035007881361
0.0534223066677
0.999993632034
0.999986681845
0.312323551051
0.848573491888
0.33290272801
0.993906912806
0.204014504936
0.0471226919012
0.993880023933
0.756605733041
0.9608042918
0.985083821037
0.9970538922
0.000129591918688
0.783067016053
0.978933167793
0.377871927886
0.634971021773
0.390445133836
0.306601959553
0.56949381444
0.999999721235
0.999999989823
0.725215302368
0.0524488494652
0.999985451964
0.00703549666179
0.9999997978
0.929654389003
0.722294124855
0.601881403546
0.318867805577
0.99389289314
0.00141462046289
0.0173913312845
0.0443345996713
0.226244375797
0.987518474289
0.993899802483
0.0070380637893
0.00704858271945
0.00703429468726
0.0070363813886
0.00703998879841
0.993886168905
0.993892554997
0.00703140839442
0.993894412359
0.00703533284535
0.993903818022
0.00704815964721
0.00704927108948
0.999999978257
0.993884581646
0.00703075949806
0.00703526994082
0.993884249379
0.99388970152
0.993902820041
0.993897845704
0.993900937745
0.00704185815758
0.00704711380693
0.00703726799557
0.993894036248
0.00703334984545
0.00702409250164
0.993878500676
0.0070350096235
0.00703225249555
0.00703672837103
0.00703767709898
0.00703829655562
0.993886263418
0.993900211557
0.993890802586
0.00703849606711
0.993892190794
0.993899957084
0.993905136349
0.993902691247
0.00703092882569
0.99389894753
0.00704593149465
0.993880884854
0.00704307675919
0.993901123782
0.993896431309
0.993892583542
0.993895047559
0.00702111526239
0.993894741048
0.993892404322
0.00703258674848
0.00704205388491
0.993899579968
0.00703346500444
0.00701748536861
0.00703258824557
0.00703220318618
0.99389426289
0.007033731416
0.0070369517629
0.00703154010096
0.993903517838
0.993899314254
0.00703228197041
0.993892865257
0.99389391137
0.993882291169
0.99389796753
0.993898551961
0.00704319322444
0.993893706951
0.00703316345782
0.993902140096
0.00702975888064
0.993893490301
0.993884140032
0.993890217564
0.993903354176
0.0070503750362
0.99388731643
0.99388798973
0.99390600628
0.993892972721
0.0784148289015
0.993903818022
0.00704532662021
0.993903042149
0.993898140317
0.00703966931347
0.993893294329
0.00703495887229
0.00701749463558
0.993890372919
0.00704014231389
0.993900851801
0.993894387695
0.993895213668
0.993892276168
0.00207741477747
0.00703719217434
0.00703361863252
0.993892025453
0.993896225138
0.00702466072463
0.993895117124
0.993894543172
0.00703209405528
0.00704145188105
0.993892097125
0.00703113861231
0.00704023695125
0.00701640312871
0.99389597598
0.993893448743
0.993894795099
0.00703119029565
0.00703299552823
0.00704789770715
0.00703152645933
0.00701709067974
0.00703569223365
0.00702363940387
0.993894384884
0.993894273116
0.00704063664309
0.99388859371
0.993899995499
0.993903423352
0.00703297760703
0.041023278009
0.00703278188604
0.993891029763
0.00703700966727
0.993897794051
0.0070296501912
0.00703183352523
0.00703346451653
0.993904306214
0.993877940518
0.00703170371719
0.993902691183
0.00703053385812
0.993892787445
0.993907434485
0.00703374150453
0.993898124934
0.989681955992
0.993900767218
0.00703904863033
0.00704331392408
0.00703481239832
0.00945975240556
0.993895357631
0.00703158508326
0.00703805334027
0.00705025778655
0.993886121871
0.00703334818334
0.00701738373534
0.00703292521615
0.99389582278
0.993894122089
0.993887536147
0.993895276567
0.00702034117956
0.993893299024
0.993907337776
0.993892071793
0.993905171824
0.00703924452831
0.99389635536
0.00701972538177
0.00704932630757
0.00703855347461
0.993878011586
0.00708693308256
0.00703897007636
0.00703364120024
0.993899995499
0.99725836086
0.993892385397
0.00703202942771
0.00701971021704
0.993892347794
0.993879831935
0.993905531928
0.0070235586035
0.00703990343144
0.00704491373595
0.993892636414
0.993895333277
0.993894498315
0.00704142799553
0.0070333127468
0.0070445162772
0.00703463564421
0.993898042598
0.993893772567
0.993905728421
0.00702122317442
0.0070324797133
0.993901925649
0.00704201980529
0.00703507207377
0.993893605872
0.00703314541952
0.993883039682
0.00701628492033
0.997134043462
0.00703944048786
0.993897642965
0.99389202638
0.999983104425
0.993902191302
0.00704247801452
0.00704552055601
0.00704535137533
0.993895821812
0.0105058997253
0.00704932497304
0.00703409424198
0.00704558608877
0.993901201554
0.00703681448712
0.00703152362583
0.00704830671198
0.993882105498
0.993897143416
0.993900153204
0.00702034117956
0.00702609323597
0.00703750042126
0.99388160437
0.99388274928
0.00703470038708
0.00704576586536
0.00703279487397
0.993887114246
0.993894084492
0.993890506811
0.00704006468716
0.993882997886
0.999997367383
0.99388071628
0.00704334349315
0.993889713383
0.284955552138
0.00703175294621
0.995901716179
0.0070340810597
0.230192022735
0.993893613107
0.00704788665132
0.00705032489672
0.993892261004
0.993892562549
0.00703859992353
0.99389278889
0.993891293984
0.00703534813231
0.0070328772008
0.00702948348119
0.00704766940797
0.993891645825
0.993894307283
0.993894683306
0.993903003533
0.00702791814728
0.0070346504612
0.00703363156683
0.993891576794
0.993886055776
0.0070318384132
0.999999370991
0.00703863204153
0.0070412545979
0.993900721805
0.00703270435583
0.00702063417958
0.993890644699
0.999995526957
0.00703452250214
0.99388844035
0.00703256824279
0.994334545421
0.00704623340767
0.993901752597
0.987034616817
0.993902956051
0.993896324116
0.00702905495428
0.00702157799125
0.993899153994
0.993892312424
0.00704970473431
0.99389743692
0.0070413305155
0.993881918001
0.993896757848
0.00704558773894
0.993895639315
0.993892133702
0.993877279427
0.993893846656
0.0070349254843
0.0070198938179
0.993899581704
0.00703750042126
0.00704025819689
0.00701833710231
0.00704163147829
0.993893282706
0.993893299024
0.993890743751
0.00703123457897
0.0070400086551
0.993883195435
0.999994230433
0.00702973898808
0.99390624176
0.00703640915994
0.00703783068963
0.00702044773453
0.00704970984835
0.00702830632424
0.00703450168338
0.00703383900428
0.00703830176004
0.987518474289
0.00702603328518
0.993890982596
0.993903741187
0.00703692768646
0.0070336924488
0.993897817527
0.992702898139
0.993894976404
0.00702399057375
0.993906306779
0.993883872922
0.00703764956667
0.00703250841952
0.00702436689868
0.00704757485496
0.993893316751
0.00703563149643
0.00703623850571
0.00703527830274
0.00702383909064
0.0070240499281
0.993888005426
0.993889277213
0.993901519158
0.993892794859
0.00701970163814
0.0330475966043
0.00703761784196
0.993884483219
0.00703934993566
0.99387923565
0.993903011148
0.00704080553237
0.99390324907
0.00703749653631
0.993898595818
0.993892363297
0.993893589809
0.993903744068
0.00703866490829
0.0070326496057
0.00701947314944
0.993887714106
0.993893284567
0.00701918430134
0.993895764181
0.00704055080956
0.00703363612798
0.0070306142984
0.993897525714
0.993897655713
0.993880982507
0.00703897007636
0.993890877839
0.00703099499957
0.993898274519
0.00703747270912
0.993905674284
0.00702827557673
0.00704210406601
0.00703976168874
0.993881304342
0.993907011654
0.00703593287318
0.00703340129591
0.00703398953399
0.993907417094
0.0070169359177
0.00704716298642
0.00703622055804
0.993888882486
0.00704873923249
0.993895667939
0.00704029090484
0.993895976881
0.00703557008767
0.00702542725088
0.993881918001
0.00703702733953
0.00703549666179
0.0070348905555
0.00703864455836
0.993901548055
0.00703248793588
0.993897118187
0.993887067073
0.99389401885
0.993893284567
0.00703883931397
0.00702381122929
0.493281994396
0.993891093063
0.00703870425733
0.993623546607
0.00703089420128
0.00704068415493
0.00704674428406
0.993882155138
0.00703726169675
0.00703106538981
0.00703417492587
0.00702746747274
0.0024370299882
0.00703166161693
0.993901309624
0.993895985667
0.993893038225
0.993893267134
0.993897599608
0.00704775400478
0.997375519651
0.993880023933
0.0070246891706
0.99389485012
0.993887202628
0.993897425802
0.993890935424
0.99389687757
0.00703949797073
0.993902732623
0.00702914624504
0.99389795191
0.999999815053
0.00702206002029
0.00704832865971
0.00702426940238
0.993890023781
0.993894750556
0.00704424170602
0.00703191791286
0.00704060484153
0.993886407456
0.00703438102093
0.993899513584
0.00701758913391
0.993906912806
0.00702345287673
0.993905043734
0.993881902501
0.00703408680618
0.00702798023332
0.993895381052
0.00703355250238
0.00703057614234
0.993891734356
0.00703434086384
0.00703353074373
0.00702262023518
0.00704793963142
0.993898289051
0.993893613107
0.993892000082
0.00704581369041
0.993884467254
0.993887581517
0.00703914408263
0.993892534592
0.00703603864173
0.00703839323763
0.993895301566
0.00704198028948
0.00703175924195
0.993878835536
0.986953832922
0.993902294133
0.00703755537221
0.00703673467075
0.00704040920878
0.309509322647
0.993882513818
0.99390075446
0.993881355865
0.00704911798114
0.00703535853053
0.00704095785464
0.993899260703
0.00702609630821
0.00704966577761
0.00703571435808
0.00702830999584
0.99388826668
0.993880380964
0.993898233621
0.995382264735
0.993899857856
0.00701926483758
0.00703001944068
0.00703357779881
0.00703512364281
0.00703930968012
0.00702461265964
0.999987967287
0.00703550273423
0.993900282898
0.993903515526
0.00703410213485
0.993894807402
0.993900950559
0.993906261606
0.00704436299167
0.00704538101938
0.00703305813501
0.0070335514275
0.0070480070508
0.993879159594
0.00702431693129
0.00702628210536
0.993883637772
0.993902432207
0.00702596327106
0.993469291659
0.99389882789
0.993881023152
0.993892130908
0.99389101306
0.0070360446601
0.993891786345
0.993892000898
0.00702853660065
0.00702540777187
0.993886737719
0.00704268655278
0.00703403883038
0.00703961220305
0.00703080408509
0.993898273153
0.993902572237
0.00703152433534
0.993890014909
0.993891175912
0.00703898911084
0.00703639499608
0.007037532509
0.00703442028758
0.00108588503722
0.999991824342
0.993894695043
0.993895751859
0.00703462580393
0.993886907558
0.993888550425
0.993891300198
0.993893541756
0.00703108633411
0.993891797075
0.00703151667894
0.00703521382753
0.00701928937005
0.00703699922041
0.00703365011445
0.993901748693
0.00703632685808
0.993891550342
0.993892594173
0.00703804146686
0.993892413166
0.00703183451197
0.993890870785
0.00703225672644
0.0070378846187
0.00703802274606
0.993900348287
0.0070342903984
0.00703629219164
0.00703328551764
0.00703295936832
0.0070316368536
0.00704921717446
0.993880544514
0.993892786999
0.00701852804242
0.00702318006725
0.993903086171
0.00704203056226
0.960189770356
0.00703476329675
0.00704777244344
0.993879867869
0.993898984544
0.00704407625032
0.00703302669373
0.00703387652513
0.0773659145015
0.00701905176111
0.993891526148
0.993893943958
0.0070406193948
0.999996898724
0.00703439096309
0.00703172451155
0.993885888544
0.993888523042
0.993898628946
0.00795755713957
0.00703533077531
0.993890242053
0.99390506607
0.00704146726635
0.00704384552019
0.0070348561162
0.993896664494
0.993895608217
0.00703771939471
0.00703927307666
0.00704208920672
0.00344874114874
0.99388914542
0.00704674613867
0.993891909333
0.993892945323
0.993885828314
0.00704040783638
0.00702105469871
0.993893764894
0.007048845786
0.993895688466
0.993892895144
0.00703227459665
0.993895238086
0.00702436689868
0.993898559126
0.00703030252882
0.993891810805
0.986674776318
0.0070397108684
0.993898787405
0.00703253583018
0.00703538191772
0.00704399426951
0.00701787176041
0.993895560724
0.993896780324
0.993895172774
0.00704428951616
0.00703807665126
0.993905258298
0.993893329048
0.993894624578
0.993896706302
0.993883160606
0.993893650153
0.993900255176
0.993906269881
0.0070316744106
0.993894126252
0.00703280239715
0.00704483589871
0.993906935747
0.00703110056291
0.993903430475
0.0070391594801
0.993889037626
0.0070248566009
0.00704547012269
0.0070330722672
0.00703093705651
0.993901482354
0.99389201514
0.00703010179942
0.993904851614
0.00704049679695
0.993898478128
0.993894468912
0.0070249554606
0.00703247661677
0.00703819203689
0.993889380246
0.993905334942
0.993902820186
0.00704710656156
0.993896468348
0.00703930968012
0.00704503423608
0.993879784943
0.993900105387
0.0070373143136
0.00702549524995
0.00703891935272
0.993879140802
0.993892655734
0.993892023679
0.993890843576
0.00703956403175
0.993884695548
0.993897699441
0.993902347129
0.00702666392479
0.99389938688
0.00703562426239
0.993891345118
0.0070241177354
0.993900357204
0.993890636467
0.995737098471
0.00704275278931
0.00704243797692
0.00702672329499
0.993900415352
0.00563196395423
0.993900742843
0.00704074298279
0.993892260261
0.00703350652072
0.00704692775776
0.00704057187647
0.00704583907275
0.00704671454887
0.993886240918
0.999999754163
0.00703502654034
0.989177531411
0.993896242139
0.993893330036
0.00703211867852
0.993890871538
0.993894959905
0.00703150441609
0.993886129675
0.00703590236532
0.999992050593
0.993886541955
0.00704957658255
0.993901174519
0.993885459743
0.993902753508
0.00703811666648
0.00704727170976
0.00705035374014
0.993890802586
0.993891597956
0.00704166513634
0.993893864963
0.00703157280927
0.00703607314875
0.00703239131984
0.993900102839
0.993890139701
0.00703170427401
0.99389267514
0.00702208341545
0.00702646518393
0.0070323936335
0.993891815203
0.993881556401
0.00704711680423
0.993897447946
0.993906018882
0.996447054142
0.993883160737
0.993898690131
0.9939067997
0.993892196421
0.00703287554208
0.00703175294621
0.993893044595
0.00703415916465
0.993892940198
0.993893894331
0.0070162294171
0.00702577889958
0.993893289295
0.993892433075
0.00702264261616
0.993898843121
0.00703045512968
0.993906031276
0.00702047392644
0.993906295713
0.99388837204
0.00704865324552
0.00703231688014
0.993903311935
0.993892940198
0.993892103403
0.00704311685931
0.993904615956
0.00703866047819
0.993898010385
0.00703318059821
0.00703222424173
0.99388576142
0.00704038176099
0.993880773956
0.00702243094767
0.0443132566699
0.993891280129
0.00704469890945
0.993888264055
0.00704434897808
0.993894111947
0.00704686691592
0.993903275648
0.993896302032
0.993891900573
0.00702823372487
0.993892210801
0.00702063417958
0.993889288271
0.00702038128553
0.993888901245
0.993899966636
0.993898010385
0.993886663028
0.00703078875707
0.993890329174
0.00704284308238
0.993892214833
0.00703246946691
0.00702857461983
0.00704677420755
0.993892622987
0.00704806731977
0.993899929329
0.993887876534
0.00704226000165
0.993893832182
0.993900679714
0.993902788588
0.993885278296
0.993888326371
0.993893699245
0.0070315356008
0.00701680184329
0.0070496603881
0.999999922884
0.993897104694
0.993883869164
0.993881034464
0.993893999057
0.0070427588666
0.00704174277398
0.996639102101
0.00703729105593
0.00703317442364
0.993901639399
0.993893904917
0.00704078519482
0.993897371549
0.00703790453584
0.00704976540108
0.993901585708
0.993895304469
0.993902067657
0.00703931753885
0.993904653699
0.993891807506
0.993896838036
0.993894400323
0.993893267771
0.00704128053268
0.993896212079
0.993893437051
0.00703151712609
0.993895459945
0.00703357569311
0.00703702138766
0.99390261299
0.993904066352
0.993885798809
0.993888520878
0.993898349844
0.999997021102
0.993878828398
0.00703271589641
0.00701634477818
0.993898801138
0.00704232195943
0.00703922226817
0.99389414952
0.99389487445
0.993884113008
0.00704448058399
0.00704130256916
0.993877884221
0.00704036422446
0.99389382972
0.00702962372465
0.00703243932266
0.00703013966086
0.993894625228
0.993891663934
0.993893059081
0.993877307514
0.00704488202245
0.00704491373595
0.00703361863252
0.00704404079118
0.00704758864432
0.00704395232226
0.993905776143
0.993905351177
0.99389552096
0.993900742843
0.00703783898621
0.00704570926007
0.993894520578
0.993901567933
0.993886112026
0.00703579869907
0.993890028472
0.993891639809
0.993887298592
0.993895667939
0.00704831446767
0.00703357569311
0.00702114818111
0.99389224962
0.00704654801912
0.993898269259
0.00701977856677
0.993904693703
0.993892814691
0.00704351860467
0.00703769001438
0.999999985344
0.00703308989315
0.00703583372527
0.993889375928
0.00704169482299
0.00704595704798
0.993893571791
0.00704791336377
0.993893182558
0.993890407177
0.00703403500877
0.99389289314
0.993893570993
0.00703109500222
0.00703689995357
0.00704659858296
0.00704881366854
0.993895555554
0.993895778687
0.993884410948
0.9939014057
0.993897146371
0.007044721721
0.00703412626898
0.00702469348933
0.00703196226308
0.00702363940387
0.993897427455
0.00702637095866
0.00702188911832
0.993897655713
0.993901386409
0.994652566609
0.00703764956667
0.993896833036
0.0634139384345
0.993884855811
0.993893643928
0.993897526255
0.993890487831
0.0070435298949
0.993901625842
0.00704322330282
0.993880555315
0.00704268573193
0.00703035975878
0.993884708236
0.993884498933
0.00703414671211
0.993904659774
0.00704691903921
0.00703223106057
